t,u
0,8.089
0.04,7.869
0.08,7.623
0.12,7.117
0.16,7.202
0.2,8.265
0.24,8.608
0.28,8.196
0.32,7.517
0.36,7.424
0.4,7.656
0.44,7.814
0.48,7.38
0.52,7.195
0.56,7.267
0.6,7.772
0.64,7.302
0.68,6.756
0.72,7.488
0.76,5.932
0.8,5.975
0.84,7.782
0.88,8.229
0.92,7.864
0.96,8.132
1,7.833
1.04,7.153
1.08,8.499
1.12,7.779
1.16,7.401
1.2,7.29
1.24,6.498
1.28,7.701
1.32,7.153
1.36,7.889
1.4,7.494
1.44,6.874
1.48,7.043
1.52,7.254
1.56,7.294
1.6,9.059
1.64,9.153
1.68,9.529
1.72,9.449
1.76,8.756
1.8,8.499
1.84,9.156
1.88,8.719
1.92,8.523
1.96,7.802
2,7.656
2.04,7.515
2.08,7.655
2.12,8.271
2.16,8.379
2.2,8.62
2.24,8.664
2.28,7.703
2.32,7.66
2.36,7.943
2.4,8.319
2.44,8.795
2.48,8.94
2.52,8.795
2.56,9.162
2.6,8.815
2.64,9.183
2.68,9.039
2.72,9.521
2.76,8.696
2.8,8.623
2.84,8.784
2.88,9.017
2.92,8.462
2.96,8.149
3,8.072
3.04,8.042
3.08,7.309
3.12,7.103
3.16,8.387
3.2,8.257
3.24,8.06
3.28,8.023
3.32,8.622
3.36,8.49
3.4,8.713
3.44,8.393
3.48,8.138
3.52,7.812
3.56,8.097
3.6,7.889
3.64,7.894
3.68,8.181
3.72,8.798
3.76,7.989
3.8,8.437
3.84,8.403
3.88,8.329
3.92,8.997
3.96,8.219
4,8.143
4.04,8.055
4.08,7.69
4.12,7.788
4.16,7.633
4.2,7.45
4.24,7.472
4.28,6.918
4.32,7.062
4.36,6.928
4.4,6.863
4.44,6.748
4.48,7.362
4.52,7.787
4.56,7.78
4.6,7.948
4.64,7.796
4.68,7.912
4.72,7.185
4.76,7.195
4.8,7.084
4.84,7.132
4.88,7.174
4.92,6.886
4.96,6.565
5,6.815
5.04,6.492
5.08,6.555
5.12,6.52
5.16,8.008
5.2,7.518
5.24,8.333
5.28,8.647
5.32,8.107
5.36,8.007
5.4,7.546
5.44,7.465
5.48,7.273
5.52,6.739
5.56,7.2
5.6,6.466
5.64,6.388
5.68,6.676
5.72,7.246
5.76,6.633
5.8,6.909
5.84,6.585
5.88,7.314
5.92,6.818
5.96,6.377
6,5.855
6.04,5.983
6.08,5.68
6.12,5.102
6.16,5.667
6.2,6.14
6.24,6.37
6.28,6.72
6.32,5.998
6.36,6.131
6.4,6.196
6.44,5.655
6.48,5.74
6.52,6.21
6.56,5.702
6.6,5.542
6.64,6.004
6.68,5.661
6.72,5.456
6.76,5.326
6.8,5.566
6.84,6.991
6.88,6.354
6.92,5.811
6.96,6.726
7,7.278
7.04,7.87
7.08,7.143
7.12,6.787
7.16,7.556
7.2,6.663
7.24,6.657
7.28,6.233
7.32,6.088
7.36,6.478
7.4,5.804
7.44,5.53
7.48,5.551
7.52,5.682
7.56,5.942
7.6,5.847
7.64,6.405
7.68,6.24
7.72,6.101
7.76,6.001
7.8,5.653
7.84,5.441
7.88,5.595
7.92,5.512
7.96,5.396
8,5.262
8.04,4.766
8.08,4.674
8.12,4.251
8.16,4.507
8.2,4.91
8.24,5.482
8.28,5.892
8.32,6.825
8.36,7.03
8.4,6.962
8.44,7.113
8.48,7.203
8.52,8.149
8.56,7.983
8.6,7.379
8.64,7.499
8.68,7.727
8.72,8.495
8.76,8.292
8.8,7.726
8.84,7.926
8.88,7.326
8.92,6.263
8.96,6.436
9,6.962
9.04,6.839
9.08,7.751
9.12,8.377
9.16,8.328
9.2,8.4
9.24,8.55
9.28,8.621
9.32,8.141
9.36,7.768
9.4,7.848
9.44,7.823
9.48,7.397
9.52,7.401
9.56,6.93
9.6,6.321
9.64,6.247
9.68,6.988
9.72,6.756
9.76,6.601
9.8,6.488
9.84,6.194
9.88,7.322
9.92,7.75
9.96,7.38
10,7.403
10.04,7.072
10.08,7.118
10.12,7.107
10.16,7.192
10.2,7.17
10.24,7.075
10.28,6.903
10.32,6.925
10.36,6.817
10.4,6.779
10.44,6.526
10.48,6.389
10.52,6.592
10.56,6.182
10.6,6.004
10.64,5.955
10.68,5.926
10.72,6.13
10.76,5.296
10.8,5.498
10.84,5.585
10.88,5.865
10.92,5.838
10.96,5.766
11,5.913
11.04,6.635
11.08,6.277
11.12,6.235
11.16,6.462
11.2,6.823
11.24,6.802
11.28,7.396
11.32,6.608
11.36,6.147
11.4,6.553
11.44,6.698
11.48,7.136
11.52,7.016
11.56,6.905
11.6,6.927
11.64,6.684
11.68,6.786
11.72,6.55
11.76,6.407
11.8,6.383
11.84,6.322
11.88,6.474
11.92,6.909
11.96,6.92
12,7.22
12.04,6.673
12.08,6.211
12.12,6.347
12.16,5.28
12.2,6.029
12.24,6.369
12.28,6.705
12.32,6.987
12.36,6.818
12.4,6.892
12.44,6.763
12.48,6.621
12.52,6.319
12.56,6.271
12.6,6.102
12.64,6.949
12.68,7.522
12.72,7.248
12.76,7.465
12.8,7.218
12.84,6.895
12.88,7.239
12.92,7.284
12.96,7.241
13,7.019
13.04,6.868
13.08,6.916
13.12,6.781
13.16,6.698
13.2,7.131
13.24,6.933
13.28,7.588
13.32,7.451
13.36,7.376
13.4,7.781
13.44,7.5
13.48,7.602
13.52,7.489
13.56,7.011
13.6,6.703
13.64,6.814
13.68,6.708
13.72,6.992
13.76,6.977
13.8,7.014
13.84,7.294
13.88,7.72
13.92,7.287
13.96,7.6
14,7.561
14.04,7.057
14.08,7.026
14.12,7.257
14.16,6.433
14.2,6.555
14.24,6.806
14.28,6.484
14.32,6.528
14.36,6.773
14.4,6.567
14.44,7.338
14.48,6.498
14.52,6.838
14.56,7.445
14.6,7.507
14.64,6.816
14.68,6.351
14.72,6.004
14.76,6.596
14.8,6.853
14.84,7.268
14.88,7.581
14.92,7.032
14.96,6.517
15,5.946
15.04,7.613
15.08,7.649
15.12,7.978
15.16,8.14
15.2,8.526
15.24,8.466
15.28,8.218
15.32,7.433
15.36,7.822
15.4,7.942
15.44,7.955
15.48,7.818
15.52,7.655
15.56,6.688
15.6,6.945
15.64,6.398
15.68,6.335
15.72,6.993
15.76,6.652
15.8,6.801
15.84,6.514
15.88,6.535
15.92,6.364
15.96,6.203
16,7.081
16.04,7.255
16.08,6.974
16.12,7.453
16.16,7.819
16.2,7.683
16.24,7.626
16.28,7.584
16.32,7.127
16.36,7.099
16.4,7.405
16.44,6.64
16.48,7.01
16.52,7.051
16.56,7.119
16.6,6.864
16.64,6.344
16.68,6.412
16.72,6.525
16.76,6.799
16.8,7.301
16.84,7.336
16.88,7.234
16.92,6.886
16.96,6.774
17,6.882
17.04,6.773
17.08,6.936
17.12,6.624
17.16,6.219
17.2,6.202
17.24,6.586
17.28,6.653
17.32,7.011
17.36,6.788
17.4,6.588
17.44,6.219
17.48,6.072
17.52,6.246
17.56,6.185
17.6,6.318
17.64,6.31
17.68,6.09
17.72,5.934
17.76,6.088
17.8,6.047
17.84,6.305
17.88,6.014
17.92,6.624
17.96,6.75
18,6.376
18.04,5.835
18.08,5.533
18.12,5.516
18.16,5.875
18.2,5.643
18.24,5.933
18.28,5.998
18.32,6.4
18.36,6.578
18.4,6.233
18.44,7.045
18.48,6.958
18.52,6.756
18.56,6.957
18.6,7.179
18.64,7.377
18.68,7.245
18.72,6.686
18.76,6.562
18.8,6.239
18.84,6.288
18.88,6.112
18.92,5.397
18.96,5.74
19,6.437
19.04,6.118
19.08,6.917
19.12,7.195
19.16,7.932
19.2,7.803
19.24,7.746
19.28,7.776
19.32,7.904
19.36,8.584
19.4,8.837
19.44,8.092
19.48,8.138
19.52,7.995
19.56,8.381
19.6,8.302
19.64,8.209
19.68,7.959
19.72,7.459
19.76,6.665
19.8,7.25
19.84,8.339
19.88,7.834
19.92,7.7
19.96,7.095
20,6.525
20.04,7.373
20.08,7.297
20.12,7.625
20.16,7.411
20.2,7.583
20.24,7.53
20.28,7.119
20.32,7.42
20.36,7.501
20.4,7.608
20.44,7.308
20.48,7.283
20.52,7.665
20.56,7.573
20.6,7.32
20.64,7.588
20.68,7.867
20.72,7.904
20.76,7.896
20.8,7.537
20.84,7.137
20.88,7.383
20.92,7.355
20.96,6.921
21,6.943
21.04,6.914
21.08,7.297
21.12,7.612
21.16,7.738
21.2,7.262
21.24,7.58
21.28,7.668
21.32,6.999
21.36,7.111
21.4,6.57
21.44,5.889
21.48,5.961
21.52,6.199
21.56,7.099
21.6,6.516
21.64,7.044
21.68,7.166
21.72,7.17
21.76,7.373
21.8,8.226
21.84,8.654
21.88,6.955
21.92,7.144
21.96,7.578
22,7.61
22.04,8.381
22.08,8.435
22.12,8.084
22.16,7.603
22.2,7.532
22.24,7.501
22.28,7.779
22.32,8.568
22.36,8.487
22.4,8.601
22.44,8.426
22.48,8.322
22.52,8.397
22.56,8.452
22.6,8.642
22.64,8.182
22.68,8.093
22.72,8.119
22.76,7.797
22.8,7.959
22.84,7.81
22.88,7.684
22.92,7.33
22.96,7.798
23,7.57
23.04,7.42
23.08,7.903
23.12,7.355
23.16,7.694
23.2,7.744
23.24,7.802
23.28,8.302
23.32,8.448
23.36,8.364
23.4,8.067
23.44,7.747
23.48,8.08
23.52,8.587
23.56,8.574
23.6,7.621
23.64,7.57
23.68,7.331
23.72,7.355
23.76,7.5
23.8,7.468
23.84,7.499
23.88,7.413
23.92,7.376
23.96,7.374
24,7.583
24.04,7.559
24.08,7.418
24.12,7.502
24.16,7.506
24.2,7.43
24.24,7.338
24.28,7.494
24.32,7.477
24.36,7.377
24.4,7.341
24.44,6.923
24.48,7.251
24.52,7.141
24.56,6.964
24.6,6.796
24.64,6.462
24.68,6.468
24.72,7.032
24.76,7.225
24.8,7.386
24.84,7.218
24.88,7.007
24.92,6.802
24.96,6.77
25,6.827
25.04,6.624
25.08,7.086
25.12,7.05
25.16,6.392
25.2,6.384
25.24,6.325
25.28,6.328
25.32,5.998
25.36,5.976
25.4,6.198
25.44,6.152
25.48,6.232
25.52,6.311
25.56,5.823
25.6,5.957
25.64,5.85
25.68,5.997
25.72,5.459
25.76,5.793
25.8,5.95
25.84,7.773
25.88,7.484
25.92,7.912
25.96,7.613
26,7.422
26.04,6.996
26.08,7.559
26.12,8.125
26.16,7.307
26.2,7.54
26.24,7.005
26.28,6.914
26.32,7.025
26.36,6.846
26.4,6.955
26.44,7.326
26.48,7.719
26.52,7.925
26.56,7.601
26.6,7.139
26.64,6.628
26.68,7.266
26.72,7.199
26.76,7.072
26.8,7.338
26.84,7.395
26.88,6.448
26.92,6.115
26.96,6.983
27,6.912
27.04,6.577
27.08,6.65
27.12,6.541
27.16,6.238
27.2,7.25
27.24,7.142
27.28,7.19
27.32,7.326
27.36,6.789
27.4,7.317
27.44,7.021
27.48,7.201
27.52,7.073
27.56,6.871
27.6,7.695
27.64,7.772
27.68,7.392
27.72,7.572
27.76,8.165
27.8,7.966
27.84,7.514
27.88,7.876
27.92,7.42
27.96,7.425
28,7.098
28.04,7.492
28.08,7.642
28.12,7.746
28.16,7.497
28.2,7.506
28.24,7.313
28.28,7.129
28.32,6.697
28.36,6.311
28.4,6.869
28.44,6.821
28.48,6.66
28.52,6.344
28.56,6.552
28.6,6.883
28.64,6.507
28.68,6.082
28.72,6.75
28.76,7.067
28.8,6.981
28.84,6.616
28.88,6.208
28.92,6.555
28.96,6.668
29,6.285
29.04,6.333
29.08,6.36
29.12,5.825
29.16,5.863
29.2,6.564
29.24,6.582
29.28,6.421
29.32,5.758
29.36,5.783
29.4,6.31
29.44,7.734
29.48,7.941
29.52,7.516
29.56,7.902
29.6,7.752
29.64,7.679
29.68,7.009
29.72,6.779
29.76,7.124
29.8,7.681
29.84,7.802
29.88,8.731
29.92,8.637
29.96,8.448
30,8.327
30.04,8.386
30.08,8.453
30.12,7.951
30.16,7.953
30.2,7.556
30.24,7.508
30.28,7.266
30.32,6.791
30.36,6.708
30.4,6.8
30.44,6.444
30.48,7.172
30.52,6.969
30.56,7.055
30.6,6.816
30.64,6.59
30.68,6.575
30.72,6.44
30.76,6.196
30.8,6.645
30.84,5.909
30.88,6.632
30.92,6.768
30.96,6.343
31,5.924
31.04,5.947
31.08,5.986
31.12,5.99
31.16,5.672
31.2,5.569
31.24,6.162
31.28,6.444
31.32,6.563
31.36,6.422
31.4,6.106
31.44,5.624
31.48,5.556
31.52,5.582
31.56,5.445
31.6,5.057
31.64,4.617
31.68,4.724
31.72,4.514
31.76,4.264
31.8,4.607
31.84,5.073
31.88,4.993
31.92,5.158
31.96,6.243
32,6.292
32.04,6.729
32.08,7.354
32.12,7.283
32.16,8.318
32.2,8.073
32.24,7.586
32.28,7.416
32.32,7.778
32.36,7.655
32.4,7.541
32.44,7.046
32.48,7.934
32.52,8.029
32.56,7.709
32.6,7.473
32.64,7.587
32.68,7.203
32.72,7.204
32.76,7.281
32.8,7.538
32.84,7.129
32.88,7.004
32.92,7.268
32.96,6.926
33,7.572
33.04,8.151
33.08,8.297
33.12,8.133
33.16,7.563
33.2,7.016
33.24,6.86
33.28,7.432
33.32,8.124
33.36,7.296
33.4,7.485
33.44,6.347
33.48,6.833
33.52,6.941
33.56,6.835
33.6,6.064
33.64,6.456
33.68,6.542
33.72,6.433
33.76,6.106
33.8,6.001
33.84,5.659
33.88,5.298
33.92,5.153
33.96,5.458
34,5.611
34.04,4.903
34.08,5.544
34.12,5.862
34.16,5.779
34.2,6.417
34.24,5.671
34.28,5.571
34.32,5.83
34.36,6.06
34.4,5.878
34.44,5.539
34.48,5.583
34.52,5.386
34.56,5.381
34.6,6.231
34.64,6.284
34.68,6.702
34.72,6.438
34.76,6.172
34.8,6.012
34.84,5.889
34.88,5.55
34.92,5.595
34.96,5.59
35,5.758
35.04,5.773
35.08,5.73
35.12,6.088
35.16,6.357
35.2,6.544
35.24,6.652
35.28,6.272
35.32,5.861
35.36,5.864
35.4,5.951
35.44,6.142
35.48,5.817
35.52,5.873
35.56,6.532
35.6,6.351
35.64,6.659
35.68,6.763
35.72,6.867
35.76,6.845
35.8,6.946
35.84,7.063
35.88,6.722
35.92,6.676
35.96,6.792
36,6.814
36.04,7.041
36.08,6.522
36.12,6.651
36.16,6.496
36.2,6.799
36.24,6.737
36.28,6.737
36.32,6.813
36.36,6.698
36.4,6.922
36.44,7.196
36.48,6.839
36.52,6.689
36.56,6.571
36.6,7.045
36.64,7.294
36.68,6.73
36.72,6.326
36.76,6.055
36.8,5.734
36.84,5.62
36.88,4.988
36.92,4.997
36.96,5.043
37,4.931
37.04,5.139
37.08,5.851
37.12,6.037
37.16,5.769
37.2,5.845
37.24,5.881
37.28,5.802
37.32,6.416
37.36,6.273
37.4,7.332
37.44,7.396
37.48,6.78
37.52,6.664
37.56,6.416
37.6,6.819
37.64,6.732
37.68,6.722
37.72,6.347
37.76,6.664
37.8,6.766
37.84,6.131
37.88,5.91
37.92,6.407
37.96,6.694
38,7.272
38.04,6.625
38.08,6.88
38.12,6.822
38.16,6.404
38.2,6.195
38.24,6.599
38.28,6.915
38.32,6.487
38.36,7.053
38.4,7.249
38.44,6.255
38.48,6.015
38.52,5.989
38.56,6.738
38.6,6.851
38.64,6.212
38.68,6.265
38.72,7.307
38.76,7.339
38.8,7.062
38.84,7.041
38.88,7.001
38.92,6.733
38.96,6.967
39,6.747
39.04,6.498
39.08,6.665
39.12,6.029
39.16,7.073
39.2,7.028
39.24,6.974
39.28,6.932
39.32,7.189
39.36,6.782
39.4,6.801
39.44,6.342
39.48,6.633
39.52,7.238
39.56,7.531
39.6,7.537
39.64,7.589
39.68,8.018
39.72,8.118
39.76,7.91
39.8,7.797
39.84,8.235
39.88,7.943
39.92,7.898
39.96,7.336
40,7.104
40.04,6.533
40.08,6.69
40.12,6.959
40.16,6.635
40.2,6.422
40.24,6.35
40.28,7.057
40.32,8.051
40.36,8.198
40.4,7.963
40.44,7.498
40.48,7.042
40.52,7.244
40.56,7.5
40.6,7.968
40.64,7.673
40.68,7.529
40.72,7.153
40.76,7.465
40.8,7.403
40.84,7.526
40.88,7.016
40.92,6.475
40.96,7.03
41,7.811
41.04,8.377
41.08,8.488
41.12,8.505
41.16,8.094
41.2,8.181
41.24,8.227
41.28,7.949
41.32,7.674
41.36,7.428
41.4,6.972
41.44,7.09
41.48,7.165
41.52,6.82
41.56,6.621
41.6,6.746
41.64,6.698
41.68,6.593
41.72,6.133
41.76,6.305
41.8,6.15
41.84,6.294
41.88,6.477
41.92,6.598
41.96,6.463
42,6.02
42.04,6.26
42.08,6.146
42.12,6.096
42.16,6.313
42.2,6.618
42.24,6.235
42.28,6.195
42.32,7.22
42.36,6.861
42.4,6.3
42.44,6.263
42.48,6.457
42.52,6.944
42.56,6.814
42.6,6.929
42.64,6.934
42.68,6.299
42.72,6.054
42.76,5.936
42.8,6.213
42.84,6.462
42.88,5.853
42.92,6.036
42.96,5.801
43,5.825
43.04,6.629
43.08,6.891
43.12,6.759
43.16,6.735
43.2,6.59
43.24,6.65
43.28,6.434
43.32,6.604
43.36,6.703
43.4,6.664
43.44,6.445
43.48,6.237
43.52,6.467
43.56,6.385
43.6,6.461
43.64,6.344
43.68,6.021
43.72,6.255
43.76,5.976
43.8,6.06
43.84,5.845
43.88,6.159
43.92,5.992
43.96,6.013
44,6.257
44.04,6.207
44.08,6.04
44.12,5.247
44.16,6.176
44.2,6.502
44.24,6.193
44.28,6.247
44.32,5.961
44.36,5.59
44.4,5.412
44.44,5.308
44.48,5.468
44.52,5.948
44.56,5.782
44.6,5.818
44.64,5.477
44.68,5.691
44.72,5.181
44.76,5.272
44.8,5.517
44.84,5.862
44.88,5.531
44.92,5.33
44.96,4.964
45,5.407
45.04,5.732
45.08,5.838
45.12,5.794
45.16,5.793
45.2,5.262
45.24,5.369
45.28,5.33
45.32,5.248
45.36,5.236
45.4,5.512
45.44,5.098
45.48,6.118
45.52,5.823
45.56,5.224
45.6,5.654
45.64,5.244
45.68,5.299
45.72,5.531
45.76,5.481
45.8,4.904
45.84,5.243
45.88,4.754
45.92,5.073
45.96,4.777
46,5.079
46.04,4.948
46.08,5.002
46.12,5.173
46.16,4.604
46.2,5.405
46.24,5.656
46.28,5.735
46.32,5.061
46.36,4.832
46.4,4.774
46.44,5.898
46.48,5.8
46.52,5.595
46.56,5.464
46.6,4.902
46.64,5.158
46.68,5.131
46.72,4.614
46.76,4.901
46.8,4.68
46.84,4.588
46.88,5.116
46.92,4.779
46.96,5.034
47,5.442
47.04,5.174
47.08,5.355
47.12,5.44
47.16,6.212
47.2,6.288
47.24,5.822
47.28,6.363
47.32,6.772
47.36,6.646
47.4,6.697
47.44,6.18
47.48,6.3
47.52,6.419
47.56,6.771
47.6,6.743
47.64,6.872
47.68,6.399
47.72,6.344
47.76,6.456
47.8,6.374
47.84,6.127
47.88,6.226
47.92,6.521
47.96,5.932
48,5.844
48.04,5.27
48.08,4.706
48.12,4.597
48.16,4.356
48.2,4.617
48.24,4.7
48.28,5.14
48.32,5.493
48.36,5.214
48.4,5.391
48.44,5.322
48.48,5.28
48.52,5.247
48.56,5.581
48.6,5.682
48.64,5.174
48.68,5.83
48.72,5.335
48.76,5.21
48.8,5.762
48.84,5.753
48.88,5.914
48.92,5.551
48.96,5.492
49,5.551
49.04,5.331
49.08,5.096
49.12,5.351
49.16,6.909
49.2,7.072
49.24,6.449
49.28,6.21
49.32,6.145
49.36,5.977
49.4,6.309
49.44,6.03
49.48,6.283
49.52,5.96
49.56,5.853
49.6,4.9
49.64,5.345
49.68,5.575
49.72,6.139
49.76,6.205
49.8,6.267
49.84,6.788
49.88,7.009
49.92,6.782
49.96,7.076
50,7.395
50.04,7.614
50.08,6.998
50.12,7.277
50.16,6.931
50.2,6.632
50.24,6.914
50.28,7.052
50.32,6.611
50.36,6.529
50.4,6.916
50.44,7.291
50.48,7.413
50.52,6.955
50.56,7.188
50.6,8.359
50.64,8.005
50.68,7.863
50.72,7.499
50.76,7.225
50.8,7.341
50.84,7.304
50.88,6.042
50.92,6.124
50.96,5.979
51,5.537
51.04,6.006
51.08,6.542
51.12,7.08
51.16,6.636
51.2,6.176
51.24,6.221
51.28,7.317
51.32,7.246
51.36,7.645
51.4,7.648
51.44,7.159
51.48,6.916
51.52,7.168
51.56,7.146
51.6,7.298
51.64,7.1
51.68,7.301
51.72,7.031
51.76,6.874
51.8,6.635
51.84,6.525
51.88,6.512
51.92,7.749
51.96,7.504
52,7.006
52.04,7.175
52.08,7.747
52.12,7.909
52.16,7.97
52.2,7.455
52.24,7.768
52.28,7.458
52.32,6.408
52.36,6.485
52.4,7.014
52.44,6.906
52.48,6.66
52.52,6.641
52.56,6.384
52.6,5.585
52.64,5.391
52.68,5.945
52.72,7.005
52.76,6.828
52.8,6.493
52.84,6.912
52.88,6.759
52.92,6.873
52.96,6.737
53,6.206
53.04,6.651
53.08,6.592
53.12,6.447
53.16,6.178
53.2,5.767
53.24,6.084
53.28,5.816
53.32,6.043
53.36,5.558
53.4,5.537
53.44,7.074
53.48,6.897
53.52,6.34
53.56,6.451
53.6,7.305
53.64,6.877
53.68,6.873
53.72,7.013
53.76,7.154
53.8,6.946
53.84,7.096
53.88,8.029
53.92,8.056
53.96,8.124
54,7.624
54.04,7.54
54.08,7.897
54.12,7.435
54.16,7.58
54.2,7.275
54.24,7.305
54.28,7.668
54.32,7.828
54.36,7.738
54.4,7.73
54.44,6.898
54.48,7.374
54.52,7.122
54.56,7.35
54.6,7.467
54.64,8.214
54.68,8.75
54.72,7.822
54.76,7.835
54.8,8.711
54.84,8.889
54.88,8.893
54.92,9.364
54.96,9.167
55,8.997
55.04,9.008
55.08,8.562
55.12,8.38
55.16,8.025
55.2,8.157
55.24,8.294
55.28,8.354
55.32,7.987
55.36,7.972
55.4,7.503
55.44,7.603
55.48,7.734
55.52,7.574
55.56,7.267
55.6,7.119
55.64,7.311
55.68,7.093
55.72,7.063
55.76,7.531
55.8,9.217
55.84,8.879
55.88,8.765
55.92,8.93
55.96,9.028
56,8.704
56.04,8.471
56.08,8.482
56.12,8.674
56.16,8.519
56.2,8.758
56.24,8.148
56.28,8.495
56.32,8.292
56.36,8.234
56.4,8.366
56.44,7.814
56.48,8.042
56.52,8.157
56.56,7.822
56.6,7.479
56.64,7.428
56.68,7.578
56.72,7.034
56.76,6.69
56.8,6.544
56.84,7.336
56.88,7.288
56.92,6.69
56.96,7.435
57,7.481
57.04,7.228
57.08,7.409
57.12,6.982
57.16,7.902
57.2,8.071
57.24,7.797
57.28,8.051
57.32,7.907
57.36,8.125
57.4,7.766
57.44,7.988
57.48,7.158
57.52,7.329
57.56,7.344
57.6,7.612
57.64,7.208
57.68,7.046
57.72,7.112
57.76,6.684
57.8,6.993
57.84,7.352
57.88,7.109
57.92,6.959
57.96,6.798
58,7.47
58.04,8.341
58.08,8.487
58.12,8.469
58.16,7.702
58.2,8.016
58.24,7.576
58.28,6.667
58.32,7.287
58.36,7.204
58.4,7.571
58.44,7.608
58.48,7.649
58.52,7.753
58.56,7.594
58.6,7.483
58.64,7.67
58.68,7.718
58.72,7.803
58.76,7.804
58.8,7.693
58.84,6.554
58.88,7.238
58.92,7.578
58.96,7.562
59,7.355
59.04,7.388
59.08,7.241
59.12,7.266
59.16,7.251
59.2,7.2
59.24,7.283
59.28,7.74
59.32,7.853
59.36,7.818
59.4,7.917
59.44,7.694
59.48,7.321
59.52,7.273
59.56,7.028
59.6,7.146
59.64,7.085
59.68,7.673
59.72,7.76
59.76,7.839
59.8,7.894
59.84,7.742
59.88,7.648
59.92,7.446
59.96,7.21
60,7.725
60.04,7.62
60.08,7.628
60.12,7.684
60.16,7.156
60.2,7.05
60.24,6.87
60.28,7.274
60.32,6.988
60.36,6.803
60.4,6.683
60.44,5.947
60.48,6.389
60.52,6.903
60.56,7.162
60.6,6.606
60.64,7.102
60.68,7.298
60.72,6.945
60.76,6.762
60.8,6.742
60.84,6.746
60.88,7.054
60.92,6.939
60.96,6.937
61,6.731
61.04,6.469
61.08,6.58
61.12,6.949
61.16,7.296
61.2,6.866
61.24,6.688
61.28,6.59
61.32,6.372
61.36,6.079
61.4,5.928
61.44,5.664
61.48,5.586
61.52,5.872
61.56,5.88
61.6,7.193
61.64,7.316
61.68,7.099
61.72,7.37
61.76,6.994
61.8,6.895
61.84,7.273
61.88,7.216
61.92,7.244
61.96,7.058
62,6.791
62.04,6.908
62.08,6.708
62.12,6.71
62.16,6.743
62.2,6.207
62.24,6.118
62.28,7.435
62.32,6.946
62.36,7.398
62.4,7.379
62.44,7.316
62.48,6.875
62.52,6.445
62.56,6.532
62.6,7.201
62.64,6.956
62.68,6.819
62.72,6.675
62.76,6.375
62.8,6.032
62.84,5.66
62.88,6.704
62.92,6.664
62.96,6.704
63,6.739
63.04,6.633
63.08,6.927
63.12,6.966
63.16,6.8
63.2,6.461
63.24,6.517
63.28,6.041
63.32,6.143
63.36,6.186
63.4,5.9
63.44,5.872
63.48,5.684
63.52,6.42
63.56,6.837
63.6,6.898
63.64,6.862
63.68,7.13
63.72,7.103
63.76,7.529
63.8,7.723
63.84,7.602
63.88,7.501
63.92,7.413
63.96,6.81
64,6.391
64.04,7.369
64.08,7.669
64.12,6.896
64.16,7.017
64.2,6.815
64.24,6.746
64.28,6.891
64.32,6.464
64.36,6.523
64.4,6.385
64.44,6.137
64.48,6.098
64.52,6.34
64.56,5.673
64.6,5.66
64.64,5.541
64.68,4.936
64.72,6.564
64.76,5.759
64.8,6.023
64.84,6.408
64.88,6.372
64.92,6.808
64.96,6.68
65,5.892
65.04,5.848
65.08,5.799
65.12,5.966
65.16,6.413
65.2,6.607
65.24,6.284
65.28,7.089
65.32,7.164
65.36,7.461
65.4,6.986
65.44,6.927
65.48,7.456
65.52,7.315
65.56,7.306
65.6,6.613
65.64,6.878
65.68,6.64
65.72,6.663
65.76,6.548
65.8,6.196
65.84,6.593
65.88,6.367
65.92,6.484
65.96,6.371
66,6.978
66.04,7.176
66.08,7.319
66.12,7.24
66.16,6.554
66.2,6.245
66.24,5.815
66.28,6.255
66.32,5.785
66.36,5.825
66.4,6.218
66.44,5.911
66.48,6.451
66.52,6.695
66.56,6.634
66.6,6.205
66.64,5.977
66.68,5.474
66.72,5.623
66.76,5.911
66.8,5.551
66.84,5.739
66.88,5.763
66.92,5.763
66.96,5.578
67,5.356
67.04,5.107
67.08,4.853
67.12,5.583
67.16,5.95
67.2,5.791
67.24,5.591
67.28,6.191
67.32,6.35
67.36,7.311
67.4,7.991
67.44,7.104
67.48,7.367
67.52,7.457
67.56,6.97
67.6,6.681
67.64,7.908
67.68,8.041
67.72,6.751
67.76,6.88
67.8,6.463
67.84,6.026
67.88,6.168
67.92,5.546
67.96,6.393
68,5.933
68.04,5.729
68.08,5.915
68.12,5.694
68.16,5.458
68.2,6.108
68.24,6.318
68.28,7.029
68.32,6.807
68.36,6.47
68.4,7.44
68.44,7.354
68.48,7.494
68.52,7.355
68.56,6.149
68.6,6.124
68.64,6.784
68.68,6.73
68.72,7.113
68.76,6.69
68.8,6.491
68.84,6.6
68.88,6.807
68.92,6.486
68.96,6.42
69,6.395
69.04,6.261
69.08,7.151
69.12,8.029
69.16,8.037
69.2,7.713
69.24,7.21
69.28,6.464
69.32,6.464
69.36,7.438
69.4,7.67
69.44,6.957
69.48,7.259
69.52,6.347
69.56,7.208
69.6,8.905
69.64,8.445
69.68,7.996
69.72,8.151
69.76,8.165
69.8,8.698
69.84,8.89
69.88,8.645
69.92,8.387
69.96,8.719
70,8.685
70.04,8.676
70.08,9.019
70.12,8.502
70.16,9.064
70.2,9.188
70.24,9.137
70.28,8.757
70.32,8.761
70.36,8.874
70.4,8.976
70.44,8.489
70.48,8.319
70.52,8.041
70.56,8.015
70.6,7.626
70.64,8.001
70.68,8.154
70.72,7.324
70.76,7.342
70.8,7.413
70.84,7.466
70.88,7.597
70.92,7.378
70.96,7.313
71,6.877
71.04,6.712
71.08,6.517
71.12,6.415
71.16,5.973
71.2,6.151
71.24,6.343
71.28,5.147
71.32,6.123
71.36,6.3
71.4,6.559
71.44,6.817
71.48,6.673
71.52,6.735
71.56,6.394
71.6,6.456
71.64,6.37
71.68,5.874
71.72,6.392
71.76,6.556
71.8,6.932
71.84,7.051
71.88,6.767
71.92,7.246
71.96,7.053
72,6.158
72.04,5.885
72.08,6.441
72.12,6.686
72.16,6.836
72.2,6.926
72.24,6.79
72.28,6.495
72.32,6.014
72.36,6.863
72.4,6.467
72.44,7.04
72.48,7.242
72.52,7.173
72.56,6.795
72.6,6.794
72.64,6.535
72.68,6.734
72.72,6.977
72.76,7.208
72.8,7.146
72.84,7.003
72.88,7.096
72.92,7.077
72.96,7.075
73,6.042
73.04,5.81
73.08,6.041
73.12,5.822
73.16,5.608
73.2,7.083
73.24,6.855
73.28,7.375
73.32,7.522
73.36,7.583
73.4,7.868
73.44,7.84
73.48,7.892
73.52,7.631
73.56,7.96
73.6,8.336
73.64,6.805
73.68,6.604
73.72,7.003
73.76,7.01
73.8,7.074
73.84,7.592
73.88,8.335
73.92,8.883
73.96,9.679
74,9.406
74.04,9.884
74.08,10.114
74.12,9.653
74.16,9.58
74.2,9.633
74.24,9.026
74.28,9.208
74.32,9.391
74.36,8.983
74.4,8.862
74.44,8.723
74.48,8.288
74.52,8.371
74.56,8.205
74.6,8.106
74.64,8.076
74.68,7.817
74.72,7.821
74.76,7.751
74.8,7.731
74.84,7.659
74.88,7.749
74.92,7.515
74.96,7.682
75,7.325
75.04,7.355
75.08,7.207
75.12,6.914
75.16,7.593
75.2,8.26
75.24,8.405
75.28,7.913
75.32,7.974
75.36,8.378
75.4,8.359
75.44,7.573
75.48,7.747
75.52,7.616
75.56,7.942
75.6,7.273
75.64,7.006
75.68,7.313
75.72,7.308
75.76,7.675
75.8,7.77
75.84,6.65
75.88,7.2
75.92,6.696
75.96,6.891
76,7.178
76.04,6.921
76.08,6.924
76.12,6.82
76.16,7.943
76.2,7.866
76.24,7.541
76.28,8.225
76.32,7.744
76.36,7.639
76.4,7.897
76.44,7.531
76.48,7.23
76.52,7.038
76.56,6.764
76.6,6.495
76.64,5.85
76.68,6.783
76.72,7.72
76.76,8.589
76.8,8.364
76.84,8.437
76.88,8.36
76.92,8.95
76.96,8.563
77,7.564
77.04,8.265
77.08,8.474
77.12,8.313
77.16,7.916
77.2,7.821
77.24,7.592
77.28,8.015
77.32,7.729
77.36,7.521
77.4,8.032
77.44,6.821
77.48,6.662
77.52,6.549
77.56,6.851
77.6,6.255
77.64,6.828
77.68,6.868
77.72,6.419
77.76,6.487
77.8,6.088
77.84,7.153
77.88,7.435
77.92,7.001
77.96,6.633
78,7.91
78.04,7.136
78.08,7.447
78.12,6.508
78.16,6.875
78.2,6.549
78.24,6.695
78.28,6.702
78.32,6.064
78.36,6.123
78.4,5.564
78.44,6.916
78.48,6.943
78.52,6.813
78.56,6.299
78.6,6.059
78.64,6.302
78.68,5.683
78.72,6.893
78.76,7.34
78.8,7.087
78.84,6.697
78.88,6.181
78.92,6.112
78.96,5.889
79,6.691
79.04,6.442
79.08,6.852
79.12,5.398
79.16,4.856
79.2,6.158
79.24,6.15
79.28,5.712
79.32,5.71
79.36,5.932
79.4,5.73
79.44,7.35
79.48,6.794
79.52,6.595
79.56,7.002
79.6,7.095
79.64,6.969
79.68,6.567
79.72,6.799
79.76,6.533
79.8,6.668
79.84,6.445
79.88,6.608
79.92,6.836
79.96,6.379
80,5.924
80.04,6.2
80.08,6.044
80.12,5.513
80.16,5.954
80.2,6.56
80.24,7.573
80.28,7.856
80.32,7.565
80.36,7.369
80.4,7.381
80.44,6.485
80.48,7.008
80.52,7.215
80.56,7.374
80.6,8.057
80.64,8.049
80.68,8.092
80.72,8.073
80.76,7.288
80.8,7.06
80.84,7.427
80.88,7.389
80.92,7.914
80.96,7.87
81,7.543
81.04,7.466
81.08,7.33
81.12,7.723
81.16,8.187
81.2,8.557
81.24,8.179
81.28,7.963
81.32,8.401
81.36,7.674
81.4,7.895
81.44,7.589
81.48,8.595
81.52,8.377
81.56,8.545
81.6,7.997
81.64,7.988
81.68,8.204
81.72,7.19
81.76,7.23
81.8,7.561
81.84,7.288
81.88,7.386
81.92,7.52
81.96,7.57
82,6.772
82.04,6.771
82.08,6.767
82.12,6.759
82.16,6.543
82.2,5.953
82.24,6.635
82.28,6.589
82.32,6.137
82.36,5.838
82.4,6.112
82.44,8.193
82.48,7.914
82.52,8.223
82.56,6.528
82.6,6.008
82.64,6.262
82.68,5.889
82.72,6.323
82.76,7.025
82.8,7.015
82.84,5.89
82.88,5.783
82.92,6.022
82.96,6.016
83,5.88
83.04,5.762
83.08,5.585
83.12,5.985
83.16,6.469
83.2,7.395
83.24,7.051
83.28,7.659
83.32,7.836
83.36,8.184
83.4,8.067
83.44,8.004
83.48,8.292
83.52,7.522
83.56,7.278
83.6,7.687
83.64,8.199
83.68,7.982
83.72,8.884
83.76,8.261
83.8,7.818
83.84,9.015
83.88,8.883
83.92,8.907
83.96,8.231
84,8.328
84.04,7.972
84.08,8.298
84.12,8.657
84.16,8.844
84.2,8.453
84.24,7.765
84.28,7.822
84.32,7.931
84.36,7.56
84.4,8.107
84.44,7.845
84.48,8.007
84.52,8.153
84.56,7.595
84.6,7.944
84.64,7.668
84.68,8.459
84.72,8.351
84.76,7.951
84.8,7.623
84.84,7.261
84.88,7.417
84.92,7.754
84.96,7.627
85,8.23
85.04,7.778
85.08,7.35
85.12,7.057
85.16,7.684
85.2,7.374
85.24,7.225
85.28,8.04
85.32,8.107
85.36,7.91
85.4,8.034
85.44,7.674
85.48,7.6
85.52,7.525
85.56,7.537
85.6,7.436
85.64,7.788
85.68,7.271
85.72,6.889
85.76,6.434
85.8,6.617
85.84,6.288
85.88,7.667
85.92,7.802
85.96,7.308
86,6.648
86.04,6.67
86.08,7.323
86.12,7.267
86.16,8.618
86.2,8.798
86.24,8.68
86.28,8.646
86.32,8.672
86.36,8.23
86.4,7.888
86.44,8.281
86.48,7.871
86.52,8.376
86.56,7.927
86.6,8.02
86.64,7.801
86.68,7.759
86.72,8.405
86.76,7.324
86.8,7.369
86.84,7.734
86.88,7.278
86.92,7.67
86.96,7.77
87,7.284
87.04,7.214
87.08,6.996
87.12,7.054
87.16,6.524
87.2,6.44
87.24,6.086
87.28,6.148
87.32,6.481
87.36,6.382
87.4,6.725
87.44,6.5
87.48,6.165
87.52,5.463
87.56,6.157
87.6,6.846
87.64,7.761
87.68,7.781
87.72,8.609
87.76,8.552
87.8,8.371
87.84,8.672
87.88,8.368
87.92,8.362
87.96,8.328
88,7.872
88.04,7.591
88.08,7.597
88.12,7.502
88.16,6.81
88.2,7.917
88.24,8.405
88.28,8.341
88.32,8.433
88.36,8.321
88.4,8.253
88.44,7.839
88.48,7.826
88.52,6.862
88.56,7.689
88.6,8.011
88.64,8.01
88.68,8.929
88.72,8.151
88.76,8.218
88.8,8.781
88.84,8.649
88.88,8.848
88.92,8.691
88.96,7.986
89,8.188
89.04,8.239
89.08,8.164
89.12,8.149
89.16,7.021
89.2,6.739
89.24,6.671
89.28,6.793
89.32,6.708
89.36,6.929
89.4,7.103
89.44,7.251
89.48,6.786
89.52,6.538
89.56,6.672
89.6,6.852
89.64,6.672
89.68,6.606
89.72,6.822
89.76,6.991
89.8,6.887
89.84,6.416
89.88,7.064
89.92,7.369
89.96,7.708
90,6.992
90.04,6.83
90.08,6.839
90.12,6.391
90.16,7.907
90.2,7.991
90.24,7.667
90.28,7.691
90.32,7.614
90.36,7.63
90.4,6.212
90.44,7.098
90.48,7.295
90.52,7.323
90.56,7.271
90.6,7.711
90.64,7.363
90.68,7.31
90.72,6.656
90.76,7.007
90.8,7.234
90.84,6.95
90.88,6.635
90.92,6.961
90.96,6.639
91,7.684
91.04,7.613
91.08,7.737
91.12,8.533
91.16,7.882
91.2,7.314
91.24,7.217
91.28,7.289
91.32,6.541
91.36,7.559
91.4,7.892
91.44,6.733
91.48,7.002
91.52,6.815
91.56,6.731
91.6,7.304
91.64,7.627
91.68,7.919
91.72,8.059
91.76,8.89
91.8,8.663
91.84,8.091
91.88,8.76
91.92,8.955
91.96,8.725
92,8.397
92.04,8.094
92.08,7.982
92.12,8.576
92.16,8.078
92.2,7.512
92.24,7.246
92.28,8.642
92.32,8.806
92.36,8.336
92.4,7.874
92.44,8.501
92.48,8.221
92.52,8.306
92.56,8.492
92.6,7.509
92.64,7.055
92.68,7.361
92.72,7.227
92.76,7.58
92.8,7.484
92.84,7.376
92.88,7.409
92.92,8.443
92.96,8.126
93,7.61
93.04,7.814
93.08,7.891
93.12,8.216
93.16,7.931
93.2,7.842
93.24,7.21
93.28,8.124
93.32,7.765
93.36,7.35
93.4,7.692
93.44,6.29
93.48,6.666
93.52,6.966
93.56,6.557
93.6,5.431
93.64,7.161
93.68,6.974
93.72,6.596
93.76,7.292
93.8,8.068
93.84,7.663
93.88,7.854
93.92,8.274
93.96,7.956
94,8.304
94.04,8.218
94.08,7.899
94.12,8.075
94.16,7.663
94.2,8.068
94.24,7.722
94.28,7.593
94.32,8.397
94.36,7.817
94.4,7.389
94.44,6.947
94.48,6.984
94.52,7.982
94.56,7.344
94.6,7.162
94.64,7.29
94.68,7.677
94.72,7.75
94.76,7.39
94.8,7.562
94.84,7.868
94.88,7.794
94.92,7.992
94.96,7.994
95,8.046
95.04,7.691
95.08,7.19
95.12,7.397
95.16,7.568
95.2,7.177
95.24,7.094
95.28,6.916
95.32,6.491
95.36,6.523
95.4,7.196
95.44,6.928
95.48,7.348
95.52,7.087
95.56,7.4
95.6,7.768
95.64,7.766
95.68,7.856
95.72,7.281
95.76,7.475
95.8,7.422
95.84,7.112
95.88,6.959
95.92,7.161
95.96,7.744
96,7.731
96.04,7.968
96.08,7.522
96.12,7.572
96.16,7.527
96.2,6.969
96.24,6.94
96.28,6.871
96.32,7.17
96.36,7.085
96.4,7.138
96.44,6.747
96.48,7.09
96.52,7.593
96.56,6.602
96.6,7.319
96.64,7.495
96.68,7.66
96.72,7.773
96.76,7.838
96.8,7.933
96.84,7.951
96.88,6.985
96.92,7.143
96.96,6.725
97,6.249
97.04,6.904
97.08,6.658
97.12,8.105
97.16,7.56
97.2,7.572
97.24,6.572
97.28,6.152
97.32,6.742
97.36,6.121
97.4,5.17
97.44,8.347
97.48,7.667
97.52,7.611
97.56,8.134
97.6,6.831
97.64,6.068
97.68,7.137
97.72,7.076
97.76,6.879
97.8,7.369
97.84,6.824
97.88,7.694
97.92,7.588
97.96,7.537
98,7.41
98.04,7.322
98.08,7.498
98.12,7.817
98.16,8.037
98.2,7.441
98.24,7.556
98.28,6.999
98.32,7.165
98.36,7.814
98.4,8.558
98.44,8.464
98.48,8.616
98.52,8.258
98.56,7.696
98.6,7.46
98.64,7.151
98.68,7.131
98.72,8.407
98.76,8.679
98.8,8.614
98.84,8.506
98.88,8.32
98.92,8.151
98.96,7.752
99,7.635
99.04,7.936
99.08,7.727
99.12,7.564
99.16,7.372
99.2,6.93
99.24,6.835
99.28,7.698
99.32,7.335
99.36,7.649
99.4,7.589
99.44,7.606
99.48,7.289
99.52,7.846
99.56,7.54
99.6,7.632
99.64,7.709
99.68,7.55
99.72,8.186
99.76,7.78
99.8,8.131
99.84,7.63
99.88,7.27
99.92,6.972
99.96,6.608
100,7.011
100.04,7.213
100.08,6.7
100.12,6.259
100.16,6.388
100.2,6.039
100.24,6.436
100.28,6.829
100.32,6.707
100.36,7.035
100.4,6.925
100.44,6.762
100.48,6.722
100.52,6.44
100.56,6.327
100.6,6.674
100.64,6.631
100.68,6.489
100.72,6.367
100.76,6.196
100.8,6.07
100.84,6.296
100.88,6.401
100.92,6.399
100.96,6.256
101,6.472
101.04,6.637
101.08,6.458
101.12,5.584
101.16,5.142
101.2,5.723
101.24,6.234
101.28,6.671
101.32,6.478
101.36,6.489
101.4,6.579
101.44,5.958
101.48,6.126
101.52,6.031
101.56,4.824
101.6,4.923
101.64,4.979
101.68,5.345
101.72,6.34
101.76,6.247
101.8,6.485
101.84,6.447
101.88,6.235
101.92,6.323
101.96,5.881
102,5.875
102.04,5.495
102.08,5.044
102.12,6.258
102.16,6.796
102.2,7.054
102.24,6.838
102.28,6.398
102.32,6.803
102.36,6.651
102.4,6.373
102.44,5.916
102.48,5.603
102.52,5.501
102.56,5.298
102.6,5.591
102.64,5.664
102.68,5.807
102.72,5.447
102.76,5.553
102.8,5.958
102.84,6.017
102.88,5.665
102.92,5.97
102.96,6.33
103,6.386
103.04,7.08
103.08,7.176
103.12,7.385
103.16,6.733
103.2,6.443
103.24,6.664
103.28,6.442
103.32,6.163
103.36,7.039
103.4,7.286
103.44,7.687
103.48,7.279
103.52,7.095
103.56,6.103
103.6,6.023
103.64,5.917
103.68,5.947
103.72,5.1
103.76,5.29
103.8,5.373
103.84,6.29
103.88,6.881
103.92,6.822
103.96,6.694
104,7.492
104.04,7.594
104.08,7.398
104.12,6.318
104.16,6.102
104.2,6.126
104.24,6.043
104.28,6.37
104.32,6.084
104.36,5.662
104.4,5.595
104.44,5.663
104.48,6.074
104.52,6.245
104.56,6.814
104.6,6.742
104.64,6.476
104.68,6.612
104.72,6.75
104.76,6.752
104.8,6.2
104.84,6.018
104.88,5.491
104.92,5.178
104.96,5.459
105,7.064
105.04,7.407
105.08,7.636
105.12,6.93
105.16,6.996
105.2,6.665
105.24,6.543
105.28,6.326
105.32,6.598
105.36,7.035
105.4,7.603
105.44,8.264
105.48,8.124
105.52,8.061
105.56,8.81
105.6,9.559
105.64,8.848
105.68,8.807
105.72,8.228
105.76,7.958
105.8,8.169
105.84,8.079
105.88,7.671
105.92,7.407
105.96,7.384
106,7.595
106.04,7.351
106.08,7.141
106.12,7.212
106.16,6.723
106.2,6.237
106.24,6.074
106.28,6.929
106.32,7.291
106.36,7.008
106.4,6.701
106.44,6.593
106.48,6.338
106.52,5.921
106.56,5.658
106.6,5.507
106.64,4.831
106.68,5.379
106.72,5.885
106.76,6.283
106.8,6.245
106.84,6.3
106.88,6.338
106.92,6.506
106.96,6.255
107,6.334
107.04,5.914
107.08,5.551
107.12,5.179
107.16,4.594
107.2,5.48
107.24,5.877
107.28,6.859
107.32,7.448
107.36,7.518
107.4,7.933
107.44,8.076
107.48,7.464
107.52,7.735
107.56,8.167
107.6,8.432
107.64,8.51
107.68,7.406
107.72,7.696
107.76,7.81
107.8,8.25
107.84,8.685
107.88,8.682
107.92,6.934
107.96,7.289
108,8.075
108.04,7.687
108.08,7.99
108.12,7.52
108.16,7.486
108.2,7.279
108.24,7.084
108.28,7.023
108.32,6.702
108.36,6.919
108.4,7.035
108.44,6.597
108.48,6.594
108.52,5.974
108.56,5.929
108.6,5.781
108.64,6.134
108.68,6.086
108.72,6.224
108.76,8.065
108.8,7.875
108.84,8.111
108.88,8.777
108.92,8.387
108.96,8.074
109,8.24
109.04,8.517
109.08,8.009
109.12,8.033
109.16,8.533
109.2,8.776
109.24,8.346
109.28,7.636
109.32,8.158
109.36,8.169
109.4,7.896
109.44,8.118
109.48,7.763
109.52,8.011
109.56,7.977
109.6,8.549
109.64,8.39
109.68,7.843
109.72,7.824
109.76,7.695
109.8,7.521
109.84,8
109.88,7.795
109.92,8.368
109.96,8.451
110,8.353
110.04,8.076
110.08,8.399
110.12,8.305
110.16,8.432
110.2,7.765
110.24,7.534
110.28,6.919
110.32,6.425
110.36,5.951
110.4,5.892
110.44,5.89
110.48,7.088
110.52,7.84
110.56,7.539
110.6,7.946
110.64,8.377
110.68,8.201
110.72,7.242
110.76,7.75
110.8,7.834
110.84,7.289
110.88,7.136
110.92,7.661
110.96,7.564
111,7.975
111.04,7.882
111.08,6.908
111.12,7.023
111.16,6.903
111.2,7.007
111.24,7.264
111.28,7.072
111.32,6.466
111.36,7.247
111.4,7.74
111.44,7.494
111.48,7.802
111.52,7.471
111.56,8.586
111.6,9.002
111.64,8.401
111.68,8.305
111.72,8.677
111.76,8.688
111.8,8.574
111.84,8.627
111.88,8.442
111.92,8.59
111.96,8.559
112,8.185
112.04,8.446
112.08,8.316
112.12,8.079
112.16,8.039
112.2,7.781
112.24,8.148
112.28,7.308
112.32,6.649
112.36,7.312
112.4,6.994
112.44,7.51
112.48,7.559
112.52,6.679
112.56,7.234
112.6,6.886
112.64,7.088
112.68,7.378
112.72,6.797
112.76,6.836
112.8,7.344
112.84,7.378
112.88,6.827
112.92,6.973
112.96,6.07
113,7.117
113.04,6.999
113.08,6.949
113.12,6.631
113.16,6.758
113.2,6.75
113.24,6.671
113.28,6.536
113.32,6.545
113.36,5.443
113.4,6.571
113.44,6.159
113.48,6.707
113.52,6.151
113.56,5.924
113.6,5.835
113.64,6.01
113.68,5.49
113.72,6.003
113.76,6.037
113.8,5.805
113.84,5.866
113.88,6.339
113.92,5.567
113.96,4.997
114,4.989
114.04,5.292
114.08,5.71
114.12,5.698
114.16,5.127
114.2,4.969
114.24,5.677
114.28,6.886
114.32,7.343
114.36,8.068
114.4,6.625
114.44,6.837
114.48,6.838
114.52,7.427
114.56,7.302
114.6,6.878
114.64,7.045
114.68,6.214
114.72,5.914
114.76,6.034
114.8,6.287
114.84,6.728
114.88,6.645
114.92,6.613
114.96,6.379
115,6.387
115.04,6.174
115.08,5.934
115.12,6.085
115.16,5.952
115.2,6.231
115.24,5.961
115.28,7.105
115.32,7.107
115.36,7.203
115.4,7.259
115.44,6.432
115.48,7.077
115.52,6.938
115.56,7.321
115.6,7.113
115.64,6.719
115.68,6.508
115.72,6.27
115.76,6.523
115.8,6.139
115.84,5.287
115.88,6.621
115.92,6.705
115.96,6.589
116,6.132
116.04,6.171
116.08,6.214
116.12,6.033
116.16,6.059
116.2,5.973
116.24,5.758
116.28,5.5
116.32,5.6
116.36,5.976
116.4,6.515
116.44,6.604
116.48,6.193
116.52,6.189
116.56,6.19
116.6,6.158
116.64,6.011
116.68,6.358
116.72,5.913
116.76,5.812
116.8,6.121
116.84,6.028
116.88,6.147
116.92,5.944
116.96,5.841
117,6.899
117.04,6.851
117.08,6.585
117.12,6.537
117.16,6.517
117.2,7.144
117.24,6.632
117.28,6.824
117.32,6.854
117.36,6.599
117.4,5.833
117.44,5.887
117.48,5.721
117.52,5.674
117.56,5.809
117.6,6.34
117.64,6.751
117.68,7.113
117.72,6.754
117.76,6.603
117.8,6.411
117.84,6.408
117.88,6.33
117.92,6.25
117.96,6.16
118,6.099
118.04,5.6
118.08,5.855
118.12,5.818
118.16,5.863
118.2,5.781
118.24,6.305
118.28,5.885
118.32,5.741
118.36,5.623
118.4,5.598
118.44,5.46
118.48,5.912
118.52,6.898
118.56,6.362
118.6,5.704
118.64,5.991
118.68,6.593
118.72,6.185
118.76,5.641
118.8,5.715
118.84,5.394
118.88,5.253
118.92,5.265
118.96,5.632
119,5.787
119.04,6.049
119.08,5.318
119.12,5.683
119.16,6.308
119.2,6.553
119.24,6.365
119.28,7.041
119.32,7.021
119.36,7.236
119.4,6.995
119.44,6.976
119.48,7.321
119.52,7.816
119.56,7.88
119.6,7.673
119.64,7.57
119.68,7.98
119.72,7.433
119.76,7.365
119.8,7.701
119.84,7.749
119.88,7.43
119.92,7.367
119.96,7.151
120,7.123
120.04,7.197
120.08,7.089
120.12,7.022
120.16,7.398
120.2,7.516
120.24,7.591
120.28,7.083
120.32,6.892
120.36,6.76
120.4,6.533
120.44,7.105
120.48,6.871
120.52,6.961
120.56,7.176
120.6,7.358
120.64,7.056
120.68,6.529
120.72,7.026
120.76,6.685
120.8,6.837
120.84,6.462
120.88,7.003
120.92,6.408
120.96,6.489
121,6.6
121.04,6.93
121.08,6.996
121.12,6.733
121.16,6.614
121.2,6.364
121.24,6.447
121.28,6.118
121.32,6.294
121.36,6.386
121.4,6.285
121.44,6.319
121.48,6.345
121.52,6.201
121.56,6.353
121.6,6.231
121.64,6.2
121.68,5.902
121.72,5.761
121.76,5.811
121.8,5.87
121.84,5.648
121.88,5.365
121.92,5.282
121.96,5.715
122,6.02
122.04,6.024
122.08,5.742
122.12,5.893
122.16,5.979
122.2,5.832
122.24,5.96
122.28,5.583
122.32,5.553
122.36,5.269
122.4,5.67
122.44,5.875
122.48,6.055
122.52,5.935
122.56,5.734
122.6,5.658
122.64,5.811
122.68,6.213
122.72,6.094
122.76,6.083
122.8,6.067
122.84,6.076
122.88,6.051
122.92,5.732
122.96,5.468
123,5.741
123.04,5.848
123.08,5.966
123.12,5.738
123.16,5.417
123.2,5.087
123.24,5.286
123.28,5.061
123.32,4.553
123.36,4.428
123.4,4.537
123.44,4.253
123.48,4.311
123.52,4.566
123.56,4.73
123.6,4.452
123.64,4.313
123.68,4.056
123.72,3.967
123.76,3.69
123.8,3.847
123.84,4.596
123.88,4.553
123.92,4.366
123.96,4.119
124,4.514
124.04,4.676
124.08,4.319
124.12,3.347
124.16,3.939
124.2,3.438
124.24,3.33
124.28,3.45
124.32,3.397
124.36,3.484
124.4,3.993
124.44,4.461
124.48,3.954
124.52,3.905
124.56,4.361
124.6,5.238
124.64,4.87
124.68,5.147
124.72,5.022
124.76,5.926
124.8,5.724
124.84,5.685
124.88,5.726
124.92,5.711
124.96,5.621
125,5.566
125.04,5.538
125.08,5.773
125.12,5.561
125.16,5.857
125.2,5.729
125.24,5.677
125.28,5.518
125.32,5.799
125.36,5.932
125.4,5.219
125.44,5.074
125.48,5.272
125.52,5.223
125.56,4.296
125.6,4.476
125.64,4.825
125.68,5.096
125.72,5.238
125.76,5.181
125.8,5.181
125.84,5.068
125.88,5.116
125.92,5.581
125.96,5.425
126,5.872
126.04,6.008
126.08,5.89
126.12,5.654
126.16,5.567
126.2,5.672
126.24,5.739
126.28,5.449
126.32,5.436
126.36,5.421
126.4,4.915
126.44,5.365
126.48,5.899
126.52,5.947
126.56,5.633
126.6,5.486
126.64,5.393
126.68,5.201
126.72,5.093
126.76,5.428
126.8,5.083
126.84,4.848
126.88,4.717
126.92,5.015
126.96,5.245
127,5.693
127.04,5.301
127.08,5.561
127.12,5.387
127.16,5.462
127.2,5.076
127.24,5.049
127.28,5.645
127.32,5.983
127.36,5.019
127.4,5.784
127.44,6.067
127.48,6.343
127.52,6.188
127.56,6.107
127.6,6.328
127.64,6.309
127.68,4.541
127.72,5.054
127.76,6.751
127.8,6.57
127.84,5.815
127.88,5.847
127.92,7.249
127.96,7.624
128,8.252
128.04,8.263
128.08,7.756
128.12,8.085
128.16,8.066
128.2,8.157
128.24,7.612
128.28,7.041
128.32,7.031
128.36,7.224
128.4,7.358
128.44,7.369
128.48,7.539
128.52,7.293
128.56,7.004
128.6,7.43
128.64,7.081
128.68,7.465
128.72,7.838
128.76,7.463
128.8,6.897
128.84,6.813
128.88,6.863
128.92,7.006
128.96,6.638
129,6.371
129.04,7.179
129.08,6.947
129.12,6.321
129.16,6.093
129.2,5.86
129.24,6.764
129.28,6.818
129.32,7.025
129.36,7.239
129.4,6.845
129.44,6.683
129.48,6.661
129.52,6.158
129.56,7.368
129.6,7.271
129.64,7.338
129.68,7.153
129.72,7.138
129.76,7.25
129.8,6.998
129.84,6.865
129.88,6.984
129.92,6.748
129.96,6.354
130,6.455
130.04,6.648
130.08,6.365
130.12,6.145
130.16,6.533
130.2,6.503
130.24,5.752
130.28,5.775
130.32,5.644
130.36,5.52
130.4,5.581
130.44,5.245
130.48,5.559
130.52,6.073
130.56,5.452
130.6,4.95
130.64,4.892
130.68,4.409
130.72,4.811
130.76,4.564
130.8,4.939
130.84,5.509
130.88,5.387
130.92,5.853
130.96,5.523
131,6.017
131.04,5.904
131.08,5.738
131.12,5.691
131.16,5.324
131.2,6.234
131.24,6.323
131.28,6.29
131.32,5.908
131.36,5.489
131.4,5.358
131.44,5.284
131.48,5.161
131.52,5.846
131.56,5.579
131.6,6.325
131.64,6.322
131.68,6.215
131.72,6.198
131.76,5.937
131.8,5.829
131.84,5.6
131.88,5.702
131.92,5.852
131.96,5.783
132,5.623
132.04,5.349
132.08,5.15
132.12,5.214
132.16,5.335
132.2,5.65
132.24,5.474
132.28,5.928
132.32,5.336
132.36,5.936
132.4,6.575
132.44,6.828
132.48,6.768
132.52,6.655
132.56,6.139
132.6,5.755
132.64,5.793
132.68,5.211
132.72,5.414
132.76,5.852
132.8,5.751
132.84,5.46
132.88,5.334
132.92,5.982
132.96,7.133
133,7.608
133.04,7.548
133.08,6.709
133.12,8.099
133.16,7.553
133.2,7.517
133.24,6.53
133.28,6.267
133.32,6.505
133.36,6.508
133.4,6.455
133.44,6.48
133.48,6.909
133.52,6.297
133.56,6.678
133.6,6.491
133.64,6.417
133.68,5.927
133.72,5.552
133.76,6.602
133.8,6.898
133.84,6.754
133.88,7.825
133.92,7.624
133.96,7.39
134,6.784
134.04,7.147
134.08,6.956
134.12,6.835
134.16,6.739
134.2,6.421
134.24,6.973
134.28,7.873
134.32,7.164
134.36,6.39
134.4,7.663
134.44,7.884
134.48,7.497
134.52,7.128
134.56,6.92
134.6,7.174
134.64,7.146
134.68,7.498
134.72,7.228
134.76,7.542
134.8,7.505
134.84,7.813
134.88,8.261
134.92,8.029
134.96,7.966
135,7.967
135.04,7.884
135.08,8.778
135.12,7.943
135.16,7.76
135.2,7.584
135.24,7.902
135.28,7.481
135.32,7.666
135.36,7.463
135.4,6.549
135.44,6.892
135.48,7.686
135.52,7.66
135.56,7.767
135.6,7.704
135.64,7.673
135.68,7.138
135.72,6.685
135.76,6.39
135.8,5.894
135.84,5.823
135.88,5.671
135.92,5.661
135.96,6.547
136,6.477
136.04,6.462
136.08,6.219
136.12,5.852
136.16,5.858
136.2,5.864
136.24,6.255
136.28,6.276
136.32,6.33
136.36,6.137
136.4,5.911
136.44,5.237
136.48,5.365
136.52,5.236
136.56,5.084
136.6,4.892
136.64,4.56
136.68,6.491
136.72,6.144
136.76,6.847
136.8,6.467
136.84,4.93
136.88,5.227
136.92,4.979
136.96,4.671
137,4.866
137.04,5.084
137.08,5.195
137.12,5.292
137.16,5.12
137.2,4.783
137.24,4.595
137.28,4.792
137.32,5.662
137.36,5.861
137.4,6.373
137.44,6.364
137.48,6.113
137.52,5.794
137.56,6.353
137.6,6.874
137.64,6.729
137.68,7.317
137.72,7.109
137.76,7.082
137.8,6.598
137.84,6.56
137.88,6.66
137.92,6.496
137.96,6.134
138,7.06
138.04,6.675
138.08,7.039
138.12,6.558
138.16,6.394
138.2,6.672
138.24,6.397
138.28,6.477
138.32,6.214
138.36,6.515
138.4,6.42
138.44,6.376
138.48,6.446
138.52,6.546
138.56,6.379
138.6,6.226
138.64,5.813
138.68,6.649
138.72,6.645
138.76,6.396
138.8,6.073
138.84,6.323
138.88,6.252
138.92,5.971
138.96,5.93
139,5.874
139.04,5.393
139.08,5.372
139.12,5.251
139.16,5.113
139.2,5.608
139.24,5.382
139.28,5.36
139.32,5.368
139.36,5.602
139.4,5.856
139.44,5.682
139.48,6.294
139.52,6.132
139.56,6.76
139.6,6.526
139.64,6.195
139.68,6.012
139.72,5.973
139.76,5.416
139.8,5.405
139.84,6.093
139.88,5.719
139.92,5.501
139.96,6.201
140,6.054
140.04,6.296
140.08,5.734
140.12,5.417
140.16,5.201
140.2,5.014
140.24,4.799
140.28,4.696
140.32,4.582
140.36,5.642
140.4,6.685
140.44,6.036
140.48,5.494
140.52,5.718
140.56,6.121
140.6,6.077
140.64,5.857
140.68,5.385
140.72,5.497
140.76,5.514
140.8,5.4
140.84,5.182
140.88,4.935
140.92,4.734
140.96,4.453
141,4.956
141.04,5.11
141.08,4.844
141.12,5.05
141.16,5.18
141.2,5.691
141.24,5.718
141.28,5.849
141.32,6.333
141.36,5.782
141.4,6.957
141.44,7.154
141.48,6.9
141.52,6.338
141.56,6.829
141.6,7.534
141.64,7.833
141.68,7.918
141.72,7.538
141.76,7.53
141.8,7.429
141.84,7.007
141.88,6.846
141.92,6.392
141.96,6.45
142,7.696
142.04,7.805
142.08,7.817
142.12,7.62
142.16,7.526
142.2,6.873
142.24,7.056
142.28,6.83
142.32,7.394
142.36,7.399
142.4,8.219
142.44,8.065
142.48,8.269
142.52,8.228
142.56,7.99
142.6,8.079
142.64,8.162
142.68,8.081
142.72,8.131
142.76,7.58
142.8,7.41
142.84,7.195
142.88,7.009
142.92,7.147
142.96,6.918
143,6.76
143.04,6.507
143.08,7.225
143.12,7.023
143.16,7.02
143.2,7.021
143.24,6.751
143.28,6.982
143.32,7.726
143.36,7.987
143.4,7.698
143.44,7.618
143.48,7.272
143.52,7.055
143.56,7.501
143.6,7.997
143.64,8.378
143.68,7.227
143.72,7.772
143.76,7.921
143.8,7.547
143.84,7.735
143.88,7.678
143.92,7.331
143.96,8.233
144,7.67
144.04,6.66
144.08,5.945
144.12,6.874
144.16,6.236
144.2,6.886
144.24,6.558
144.28,7.74
144.32,7.179
144.36,7.255
144.4,7.63
144.44,7.591
144.48,7.431
144.52,7.035
144.56,7.548
144.6,7.856
144.64,8.31
144.68,8.049
144.72,7.867
144.76,8.251
144.8,7.71
144.84,7.972
144.88,7.974
144.92,7.796
144.96,8.544
145,7.59
145.04,7.302
145.08,7.058
145.12,6.97
145.16,6.824
145.2,7.126
145.24,7.335
145.28,7.512
145.32,7.57
145.36,7.669
145.4,7.489
145.44,7.139
145.48,6.503
145.52,6.15
145.56,7.03
145.6,6.669
145.64,6.445
145.68,6.252
145.72,6.319
145.76,6.446
145.8,6.859
145.84,6.827
145.88,6.437
145.92,6.112
145.96,6.351
146,6.359
146.04,6.296
146.08,6.379
146.12,7.118
146.16,6.92
146.2,7.331
146.24,8.191
146.28,7.908
146.32,8.002
146.36,7.807
146.4,7.488
146.44,7.695
146.48,7.877
146.52,7.29
146.56,6.83
146.6,7.333
146.64,7.345
146.68,7.306
146.72,7.669
146.76,7.749
146.8,8.124
146.84,8.445
146.88,8.635
146.92,8.667
146.96,8.996
147,9.527
147.04,9.312
147.08,9.168
147.12,8.783
147.16,8.901
147.2,8.865
147.24,8.641
147.28,8.727
147.32,8.808
147.36,8.821
147.4,9.125
147.44,8.799
147.48,8.118
147.52,7.745
147.56,7.445
147.6,7.039
147.64,7.815
147.68,7.439
147.72,7.911
147.76,7.601
147.8,8.373
147.84,8.125
147.88,8.016
147.92,7.909
147.96,8.286
148,7.933
148.04,8.386
148.08,8.449
148.12,7.926
148.16,8.134
148.2,6.913
148.24,6.607
148.28,6.604
148.32,6.691
148.36,7.506
148.4,7.871
148.44,8.186
148.48,8.539
148.52,8.414
148.56,8.475
148.6,8.201
148.64,8.369
148.68,7.994
148.72,8.144
148.76,7.606
148.8,7.654
148.84,7.653
148.88,7.059
148.92,6.632
148.96,6.605
149,6.078
149.04,5.987
149.08,6.028
149.12,6.401
149.16,6.514
149.2,6.634
149.24,6.262
149.28,7.106
149.32,7.278
149.36,6.951
149.4,7.181
149.44,7.219
149.48,7.223
149.52,6.63
149.56,7.024
149.6,6.629
149.64,6.82
149.68,7.119
149.72,6.721
149.76,6.046
149.8,5.844
149.84,5.815
149.88,5.476
149.92,5.832
149.96,6.765
150,6.345
150.04,6.131
150.08,6.438
150.12,6.246
150.16,6.499
150.2,6.352
150.24,6.605
150.28,7.131
150.32,6.915
150.36,6.72
150.4,8.11
150.44,7.69
150.48,7.398
150.52,6.914
150.56,6.588
150.6,6.477
150.64,6.908
150.68,7.134
150.72,7.824
150.76,7.378
150.8,8.241
150.84,8.049
150.88,8.148
150.92,8.239
150.96,8.753
151,8.299
151.04,8.807
151.08,8.047
151.12,7.393
151.16,8.149
151.2,8.132
151.24,7.82
151.28,7.527
151.32,7.943
151.36,7.832
151.4,7.233
151.44,7.185
151.48,6.648
151.52,7.093
151.56,6.417
151.6,6.223
151.64,5.781
151.68,7.469
151.72,7.262
151.76,7.538
151.8,7.681
151.84,7.039
151.88,6.81
151.92,6.839
151.96,6.719
152,6.831
152.04,6.499
152.08,6.412
152.12,6.765
152.16,6.688
152.2,6.187
152.24,7.225
152.28,7.555
152.32,7.144
152.36,7.186
152.4,6.884
152.44,6.49
152.48,6.602
152.52,7.472
152.56,7.247
152.6,6.77
152.64,7.149
152.68,8.506
152.72,8.543
152.76,8.656
152.8,8.237
152.84,7.921
152.88,7.97
152.92,8.428
152.96,8.428
153,8.717
153.04,8.889
153.08,8.55
153.12,8.389
153.16,8.429
153.2,8.166
153.24,7.719
153.28,8.329
153.32,9.032
153.36,8.339
153.4,7.118
153.44,7.715
153.48,7.745
153.52,7.946
153.56,8.096
153.6,7.852
153.64,7.095
153.68,9.016
153.72,8.513
153.76,8.684
153.8,8.253
153.84,7.798
153.88,7.986
153.92,7.915
153.96,8.01
154,8.625
154.04,8.661
154.08,8.65
154.12,7.826
154.16,8.74
154.2,8.381
154.24,8.333
154.28,8.163
154.32,8.049
154.36,8.22
154.4,8.329
154.44,8.086
154.48,8.18
154.52,8.277
154.56,7.413
154.6,6.381
154.64,6.639
154.68,7.641
154.72,7.382
154.76,7.484
154.8,7.32
154.84,7.81
154.88,7.806
154.92,7.615
154.96,8.495
155,7.971
155.04,7.685
155.08,7.741
155.12,7.593
155.16,8.005
155.2,8.23
155.24,9.262
155.28,8.625
155.32,7.906
155.36,7.944
155.4,7.903
155.44,8.584
155.48,8.488
155.52,8.472
155.56,8.767
155.6,8.616
155.64,8.566
155.68,8.402
155.72,8.022
155.76,7.766
155.8,7.727
155.84,8.174
155.88,7.783
155.92,7.304
155.96,7.88
156,8.346
156.04,8.077
156.08,7.498
156.12,7.352
156.16,7.092
156.2,7.451
156.24,7.642
156.28,7.534
156.32,7.769
156.36,7.103
156.4,6.622
156.44,6.703
156.48,6.983
156.52,8.571
156.56,8.274
156.6,8.319
156.64,8.501
156.68,8.58
156.72,8.854
156.76,8.228
156.8,8.178
156.84,8.028
156.88,7.989
156.92,7.768
156.96,7.373
157,7.416
157.04,7.578
157.08,7.753
157.12,8.034
157.16,8.32
157.2,8.19
157.24,8.168
157.28,7.667
157.32,7.46
157.36,7.418
157.4,7.698
157.44,7.429
157.48,7.293
157.52,7.822
157.56,8.056
157.6,7.925
157.64,7.329
157.68,6.612
157.72,6.323
157.76,6.168
157.8,6.854
157.84,6.845
157.88,6.687
157.92,6.693
157.96,6.62
158,5.531
158.04,7.118
158.08,6.538
158.12,5.823
158.16,5.777
158.2,5.786
158.24,5.681
158.28,5.467
158.32,5.627
158.36,5.763
158.4,5.531
158.44,5.682
158.48,6.594
158.52,6.827
158.56,6.401
158.6,5.88
158.64,6.831
158.68,6.554
158.72,6.026
158.76,6.356
158.8,6.38
158.84,6.558
158.88,6.8
158.92,7.271
158.96,6.809
159,7.258
159.04,7.24
159.08,6.974
159.12,6.481
159.16,6.64
159.2,6.244
159.24,5.796
159.28,5.714
159.32,5.689
159.36,5.813
159.4,6.183
159.44,7.044
159.48,7.868
159.52,7.291
159.56,7.384
159.6,7.154
159.64,7.245
159.68,8.24
159.72,8.118
159.76,8.095
159.8,8.438
159.84,7.762
159.88,7.985
159.92,8.42
159.96,7.271
160,6.619
160.04,7.052
160.08,7.115
160.12,7.16
160.16,7.845
160.2,7.178
160.24,6.584
160.28,7.582
160.32,8.003
160.36,8.076
160.4,7.531
160.44,7.119
160.48,6.808
160.52,6.724
160.56,7.351
160.6,7.012
160.64,6.679
160.68,5.954
160.72,6.345
160.76,5.972
160.8,6.021
160.84,7.381
160.88,7.04
160.92,7.288
160.96,7.595
161,7.73
161.04,7.299
161.08,6.889
161.12,6.884
161.16,6.888
161.2,7.132
161.24,7.659
161.28,7.061
161.32,7.452
161.36,7.245
161.4,7.978
161.44,7.975
161.48,7.363
161.52,7.135
161.56,7.264
161.6,7.557
161.64,7.532
161.68,6.706
161.72,6.938
161.76,7.336
161.8,7.606
161.84,7.1
161.88,7.182
161.92,6.952
161.96,6.889
162,6.57
162.04,6.135
162.08,6.306
162.12,6.034
162.16,6.234
162.2,6.276
162.24,6.111
162.28,6.252
162.32,6.852
162.36,6.851
162.4,6.507
162.44,6.528
162.48,6.489
162.52,6.384
162.56,6.202
162.6,6.116
162.64,5.998
162.68,5.801
162.72,5.899
162.76,6.011
162.8,6.517
162.84,6.433
162.88,5.854
162.92,5.818
162.96,5.699
163,5.025
163.04,5.435
163.08,7.077
163.12,7.065
163.16,7.261
163.2,7.542
163.24,6.376
163.28,7.903
163.32,7.951
163.36,7.56
163.4,7.861
163.44,7.526
163.48,7.18
163.52,8.127
163.56,7.616
163.6,7.502
163.64,8.029
163.68,8.163
163.72,8.076
163.76,7.877
163.8,7.784
163.84,7.716
163.88,7.704
163.92,7.874
163.96,7.335
164,7.151
164.04,7.093
164.08,6.841
164.12,8.885
164.16,8.081
164.2,8.06
164.24,7.306
164.28,8.17
164.32,8.338
164.36,7.669
164.4,6.639
164.44,7.038
164.48,7.081
164.52,7.044
164.56,8.058
164.6,8.61
164.64,8.454
164.68,8.653
164.72,8.538
164.76,8.756
164.8,8.543
164.84,8.784
164.88,8.936
164.92,8.428
164.96,7.53
165,8.26
165.04,8.216
165.08,8.59
165.12,8.069
165.16,7.773
165.2,7.844
165.24,7.67
165.28,7.062
165.32,7.403
165.36,7.134
165.4,7.612
165.44,7.878
165.48,7.455
165.52,7.124
165.56,6.883
165.6,6.959
165.64,6.565
165.68,7.094
165.72,7.221
165.76,7.482
165.8,7.347
165.84,7.05
165.88,7.426
165.92,8.469
165.96,8.831
166,8.38
166.04,8.095
166.08,8.413
166.12,7.507
166.16,9.5
166.2,10.06
166.24,9.174
166.28,9.077
166.32,9.314
166.36,9.06
166.4,8.792
166.44,8.501
166.48,8.066
166.52,7.667
166.56,7.41
166.6,7.236
166.64,6.738
166.68,6.821
166.72,6.446
166.76,6.15
166.8,6.477
166.84,6.532
166.88,6.52
166.92,6.574
166.96,6.549
167,6.734
167.04,6.049
167.08,6.304
167.12,5.84
167.16,7.041
167.2,6.768
167.24,6.854
167.28,6.512
167.32,7.017
167.36,6.929
167.4,7.073
167.44,7.182
167.48,7.144
167.52,7.163
167.56,7.237
167.6,7.068
167.64,6.832
167.68,6.649
167.72,6.038
167.76,6.592
167.8,7.094
167.84,7.099
167.88,7.483
167.92,7.111
167.96,6.64
168,6.868
168.04,7.247
168.08,6.952
168.12,6.395
168.16,5.794
168.2,6.181
168.24,5.889
168.28,6.01
168.32,6.838
168.36,6.646
168.4,6.265
168.44,5.959
168.48,5.669
168.52,6.037
168.56,6.432
168.6,6.217
168.64,5.989
168.68,5.155
168.72,5.452
168.76,5.52
168.8,5.898
168.84,6.139
168.88,6.096
168.92,6.066
168.96,5.514
169,5.526
169.04,5.583
169.08,5.191
169.12,5.319
169.16,6.076
169.2,5.551
169.24,6.26
169.28,6.582
169.32,6.979
169.36,7.986
169.4,8.045
169.44,7.831
169.48,7.468
169.52,7.433
169.56,7.867
169.6,7.355
169.64,7.307
169.68,7.865
169.72,7.952
169.76,7.781
169.8,8.328
169.84,7.915
169.88,8.015
169.92,8.112
169.96,8.072
170,7.959
170.04,7.912
170.08,8.01
170.12,7.702
170.16,7.875
170.2,7.653
170.24,7.553
170.28,7.508
170.32,7.67
170.36,7.553
170.4,7.644
170.44,7.583
170.48,7.253
170.52,6.891
170.56,7.067
170.6,7.264
170.64,7.259
170.68,7.023
170.72,7.053
170.76,6.949
170.8,7.332
170.84,6.832
170.88,7.557
170.92,7.567
170.96,7.724
171,8.131
171.04,7.553
171.08,7.809
171.12,7.617
171.16,7.549
171.2,7.355
171.24,7.056
171.28,7.245
171.32,7.617
171.36,7.703
171.4,7.616
171.44,7.495
171.48,7.229
171.52,7.522
171.56,7.916
171.6,7.457
171.64,6.975
171.68,7.696
171.72,7.685
171.76,7.809
171.8,7.415
171.84,7.162
171.88,7.453
171.92,7.369
171.96,7.059
172,7.338
172.04,7.492
172.08,7.297
172.12,6.771
172.16,6.717
172.2,6.368
172.24,6.503
172.28,6.529
172.32,6.828
172.36,6.586
172.4,6.597
172.44,6.737
172.48,6.317
172.52,6.244
172.56,6.128
172.6,5.967
172.64,5.654
172.68,6.08
172.72,6.133
172.76,5.883
172.8,5.652
172.84,6.347
172.88,6.412
172.92,6.484
172.96,5.578
173,5.947
173.04,6.048
173.08,6.65
173.12,5.448
173.16,5.616
173.2,6.141
173.24,6.122
173.28,6.08
173.32,5.698
173.36,5.531
173.4,5.85
173.44,5.529
173.48,5.475
173.52,5.025
173.56,5.241
173.6,5.051
173.64,5.429
173.68,5.613
173.72,5.41
173.76,5.207
173.8,5.766
173.84,5.317
173.88,5.297
173.92,5.846
173.96,5.934
174,5.816
174.04,6.304
174.08,6.229
174.12,6.199
174.16,5.681
174.2,5.949
174.24,5.995
174.28,6.327
174.32,6.587
174.36,6.183
174.4,5.887
174.44,5.891
174.48,5.337
174.52,5.853
174.56,6.086
174.6,6.048
174.64,6.149
174.68,6.205
174.72,6.366
174.76,6.833
174.8,7.373
174.84,7.849
174.88,7.651
174.92,7.318
174.96,7.984
175,7.593
175.04,7.081
175.08,7.554
175.12,7.467
175.16,7.322
175.2,8.312
175.24,7.677
175.28,8.186
175.32,7.254
175.36,7.769
175.4,8.074
175.44,8.206
175.48,7.882
175.52,7.979
175.56,8.851
175.6,8.472
175.64,8.372
175.68,7.911
175.72,8.189
175.76,8.008
175.8,7.64
175.84,8.341
175.88,8.53
175.92,8.823
175.96,7.613
176,8.286
176.04,8.387
176.08,7.905
176.12,7.497
176.16,8.848
176.2,8.518
176.24,7.857
176.28,7.301
176.32,6.969
176.36,7.67
176.4,8.515
176.44,8.069
176.48,8.56
176.52,8.625
176.56,8.566
176.6,8.302
176.64,8.249
176.68,8.354
176.72,8.793
176.76,9.178
176.8,8.725
176.84,7.617
176.88,7.445
176.92,8.319
176.96,8.503
177,8.6
177.04,9.044
177.08,9.198
177.12,8.58
177.16,8.521
177.2,7.754
177.24,7.795
177.28,7.898
177.32,7.936
177.36,7.486
177.4,7.765
177.44,7.574
177.48,7.673
177.52,8.092
177.56,7.765
177.6,8.216
177.64,9.442
177.68,8.372
177.72,7.996
177.76,7.872
177.8,7.735
177.84,7.279
177.88,7.423
177.92,7.431
177.96,7.435
178,7.944
178.04,7.807
178.08,7.207
178.12,7.978
178.16,7.759
178.2,8.015
178.24,7.877
178.28,7.819
178.32,7.664
178.36,7.872
178.4,7.543
178.44,7.522
178.48,7.771
178.52,7.517
178.56,7.654
178.6,7.364
178.64,7.121
178.68,7.025
178.72,7.214
178.76,7.481
178.8,7.413
178.84,7.139
178.88,6.81
178.92,6.803
178.96,7.427
179,7.504
179.04,7.418
179.08,7.387
179.12,7.072
179.16,6.97
179.2,7.036
179.24,6.895
179.28,6.779
179.32,7.361
179.36,7.234
179.4,7.353
179.44,7.627
179.48,7.51
179.52,7.203
179.56,7.236
179.6,7.035
179.64,6.767
179.68,7.077
179.72,7.391
179.76,7.225
179.8,7.287
179.84,7.32
179.88,7.268
179.92,7.201
179.96,6.693
180,6.995
180.04,6.835
180.08,6.858
180.12,6.678
180.16,6.727
180.2,6.511
180.24,6.722
180.28,6.675
180.32,6.311
180.36,6.027
180.4,6.409
180.44,6.377
180.48,6.632
180.52,6.084
180.56,5.997
180.6,6.203
180.64,6.391
180.68,6.579
180.72,7.009
180.76,7.157
180.8,6.914
180.84,6.388
180.88,6.635
180.92,7.359
180.96,7.076
181,6.832
181.04,6.991
181.08,7.406
181.12,7.908
181.16,7.75
181.2,7.392
181.24,6.893
181.28,6.795
181.32,6.802
181.36,7.377
181.4,7.121
181.44,6.66
181.48,6.643
181.52,6.637
181.56,6.638
181.6,7.375
181.64,7.359
181.68,7.879
181.72,7.79
181.76,6.817
181.8,7.059
181.84,7.457
181.88,6.614
181.92,6.258
181.96,5.942
182,6.343
182.04,6.264
182.08,6.041
182.12,6.101
182.16,5.574
182.2,5.807
182.24,5.206
182.28,5.618
182.32,5.995
182.36,5.706
182.4,6.089
182.44,6.51
182.48,6.535
182.52,6.567
182.56,6.034
182.6,7.473
182.64,7.284
182.68,6.2
182.72,6.393
182.76,5.927
182.8,6.107
182.84,6.899
182.88,6.5
182.92,6.232
182.96,5.84
183,6.525
183.04,6.606
183.08,6.927
183.12,6.864
183.16,7.104
183.2,6.982
183.24,6.89
183.28,6.729
183.32,6.599
183.36,6.508
183.4,6.296
183.44,6.069
183.48,5.436
183.52,5.869
183.56,5.778
183.6,6.147
183.64,6.2
183.68,7.096
183.72,6.91
183.76,6.644
183.8,6.401
183.84,6.596
183.88,6.665
183.92,6.834
183.96,6.915
184,7.386
184.04,7.528
184.08,6.548
184.12,7.267
184.16,7.327
184.2,7.063
184.24,7.354
184.28,7.721
184.32,7.862
184.36,7.953
184.4,7.583
184.44,7.602
184.48,7.024
184.52,7.365
184.56,7.261
184.6,7.097
184.64,6.954
184.68,6.982
184.72,6.407
184.76,6.465
184.8,6.496
184.84,5.77
184.88,6.097
184.92,6.104
184.96,6.328
185,7.221
185.04,6.696
185.08,6.085
185.12,6.096
185.16,6.566
185.2,6.407
185.24,6.899
185.28,6.332
185.32,6.363
185.36,7.6
185.4,7.737
185.44,7.496
185.48,7.772
185.52,7.645
185.56,8.357
185.6,8.043
185.64,7.669
185.68,7.416
185.72,7.46
185.76,7.415
185.8,6.685
185.84,6.677
185.88,6.682
185.92,6.854
185.96,7.144
186,7.059
186.04,7.405
186.08,6.559
186.12,6.572
186.16,7.12
186.2,7.098
186.24,7.27
186.28,7.994
186.32,7.835
186.36,7.727
186.4,6.838
186.44,7.624
186.48,8.166
186.52,8.692
186.56,8.415
186.6,8.324
186.64,8.092
186.68,8.076
186.72,8.667
186.76,8.384
186.8,7.669
186.84,7.527
186.88,7.336
186.92,7.245
186.96,7.853
187,7.075
187.04,7.035
187.08,7.14
187.12,7.201
187.16,6.914
187.2,6.665
187.24,6.886
187.28,7.075
187.32,7.098
187.36,6.602
187.4,6.942
187.44,7.012
187.48,6.62
187.52,6.843
187.56,6.821
187.6,7.144
187.64,6.889
187.68,7.698
187.72,7.022
187.76,6.878
187.8,7.131
187.84,7.537
187.88,7.389
187.92,6.872
187.96,7.085
188,6.336
188.04,6.166
188.08,7.308
188.12,7.148
188.16,6.84
188.2,6.508
188.24,6.88
188.28,6.902
188.32,6.635
188.36,5.852
188.4,8.075
188.44,8.182
188.48,7.712
188.52,7.666
188.56,7.446
188.6,7.213
188.64,6.442
188.68,7.198
188.72,7.436
188.76,7.858
188.8,6.88
188.84,6.517
188.88,6.389
188.92,6.436
188.96,6.633
189,7.129
189.04,7.129
189.08,6.574
189.12,6.767
189.16,6.784
189.2,6.184
189.24,6.049
189.28,6.443
189.32,6.102
189.36,6.396
189.4,5.816
189.44,5.877
189.48,6.058
189.52,6.69
189.56,6.462
189.6,6.012
189.64,6.008
189.68,5.61
189.72,5.497
189.76,5.065
189.8,5.649
189.84,5.914
189.88,6.214
189.92,6.547
189.96,6.27
190,6.604
190.04,6.625
190.08,6.119
190.12,5.744
190.16,5.57
190.2,5.588
190.24,5.383
190.28,5.985
190.32,5.98
190.36,6.797
190.4,6.072
190.44,6.108
190.48,6.862
190.52,6.878
190.56,6.341
190.6,6.608
190.64,6.928
190.68,7.324
190.72,7.778
190.76,7.966
190.8,7.618
190.84,8.288
190.88,8.459
190.92,8.193
190.96,8.008
191,8.667
191.04,8.14
191.08,8.003
191.12,8.118
191.16,8.581
191.2,8.747
191.24,8.48
191.28,8.168
191.32,8.433
191.36,8.318
191.4,8.213
191.44,7.129
191.48,7.865
191.52,8.405
191.56,8.114
191.6,8.381
191.64,8.29
191.68,8.083
191.72,7.755
191.76,7.367
191.8,7.264
191.84,7.375
191.88,7.312
191.92,7.573
191.96,7.513
192,7.768
192.04,7.454
192.08,7.34
192.12,7.02
192.16,7.539
192.2,7.127
192.24,6.685
192.28,7.438
192.32,7.209
192.36,7.387
192.4,7.648
192.44,8.012
192.48,8.281
192.52,8.265
192.56,8.17
192.6,7.719
192.64,7.498
192.68,7.864
192.72,7.869
192.76,7.678
192.8,7.899
192.84,7.841
192.88,7.697
192.92,7.475
192.96,7.356
193,7.3
193.04,6.991
193.08,6.532
193.12,6.369
193.16,6.424
193.2,6.747
193.24,6.919
193.28,7.067
193.32,7.244
193.36,6.431
193.4,6.598
193.44,6.379
193.48,6.41
193.52,6.247
193.56,6.417
193.6,6.245
193.64,6.624
193.68,6.716
193.72,6.439
193.76,6.961
193.8,6.38
193.84,6.163
193.88,6.062
193.92,5.983
193.96,6.126
194,5.901
194.04,5.892
194.08,6.531
194.12,6.419
194.16,6.735
194.2,7.083
194.24,7.47
194.28,7.558
194.32,7.8
194.36,7.965
194.4,6.919
194.44,7.731
194.48,7.099
194.52,6.923
194.56,7.296
194.6,7.355
194.64,7.291
194.68,7.949
194.72,7.779
194.76,7.6
194.8,7.435
194.84,7.795
194.88,6.979
194.92,7.091
194.96,6.877
195,7.246
195.04,7.255
195.08,6.989
195.12,7.009
195.16,6.432
195.2,6.107
195.24,5.82
195.28,5.758
195.32,5.841
195.36,6.893
195.4,7.426
195.44,7.295
195.48,6.741
195.52,6.378
195.56,6.378
195.6,6.431
195.64,7.175
195.68,7.406
195.72,7.581
195.76,7.225
195.8,7.398
195.84,8.059
195.88,7.639
195.92,7.634
195.96,7.198
196,7.519
196.04,7.055
196.08,6.59
196.12,6.931
196.16,6.663
196.2,6.394
196.24,6.801
196.28,6.067
196.32,6.39
196.36,6.623
196.4,6.496
196.44,6.201
196.48,6.328
196.52,6.61
196.56,6.78
196.6,6.344
196.64,6.094
196.68,5.949
196.72,7.27
196.76,7.155
196.8,6.814
196.84,7.18
196.88,7.047
196.92,6.828
196.96,6.809
197,6.494
197.04,6.411
197.08,6.158
197.12,6.252
197.16,6.337
197.2,6.276
197.24,6.376
197.28,6.523
197.32,6.425
197.36,6.07
197.4,6.305
197.44,5.946
197.48,5.83
197.52,5.58
197.56,5.334
197.6,5.519
197.64,5.516
197.68,5.032
197.72,4.925
197.76,4.715
197.8,4.852
197.84,4.578
197.88,5.189
197.92,6.043
197.96,5.714
198,6.138
198.04,6.251
198.08,4.983
198.12,6.168
198.16,6.191
198.2,6.002
198.24,6.4
198.28,6.457
198.32,6.099
198.36,6.045
198.4,6.19
198.44,6.034
198.48,5.887
198.52,6.301
198.56,6.256
198.6,6.478
198.64,6.017
198.68,6.224
198.72,6.131
198.76,5.852
198.8,5.936
198.84,6.319
198.88,5.715
198.92,5.183
198.96,6.183
199,6.347
199.04,6.22
199.08,6.227
199.12,6.213
199.16,6.243
199.2,6.135
199.24,6.111
199.28,6.245
199.32,6.125
199.36,5.307
199.4,5.22
199.44,5.018
199.48,4.705
199.52,4.641
199.56,4.928
199.6,4.931
199.64,5.019
199.68,4.871
199.72,5.311
199.76,5.477
199.8,5.825
199.84,5.436
199.88,4.995
199.92,5.648
199.96,5.798
200,5.936
200.04,5.708
200.08,5.665
200.12,5.815
200.16,5.5
200.2,5.213
200.24,4.84
200.28,5.222
200.32,6.362
200.36,5.522
200.4,5.548
200.44,5.501
200.48,6.736
200.52,7.062
200.56,7.073
200.6,6.627
200.64,6.441
200.68,6.26
200.72,6.573
200.76,7.216
200.8,7.35
200.84,7.294
200.88,7.112
200.92,6.985
200.96,6.793
201,6.807
201.04,6.555
201.08,6.359
201.12,6.499
201.16,5.788
201.2,6.029
201.24,5.579
201.28,5.565
201.32,5.912
201.36,6.225
201.4,6.399
201.44,6.422
201.48,6.738
201.52,6.4
201.56,6.319
201.6,6.101
201.64,6.715
201.68,6.428
201.72,6.409
201.76,6.323
201.8,6.529
201.84,6.439
201.88,6.462
201.92,6.162
201.96,5.986
202,5.991
202.04,6.254
202.08,6.084
202.12,5.878
202.16,5.939
202.2,5.794
202.24,5.5
202.28,5.371
202.32,5.658
202.36,5.342
202.4,5.2
202.44,5.583
202.48,5.607
202.52,5.166
202.56,5.312
202.6,5.129
202.64,5.465
202.68,5.731
202.72,6.141
202.76,6.405
202.8,6.125
202.84,6.109
202.88,5.945
202.92,6.147
202.96,6.431
203,6.509
203.04,6.546
203.08,5.811
203.12,5.893
203.16,5.498
203.2,5.491
203.24,5.706
203.28,5.577
203.32,5.393
203.36,5.709
203.4,6.035
203.44,5.686
203.48,5.415
203.52,5.532
203.56,5.532
203.6,5.454
203.64,5.458
203.68,5.37
203.72,6.024
203.76,6.284
203.8,5.607
203.84,5.707
203.88,5.403
203.92,5.436
203.96,5.278
204,4.99
204.04,5.695
204.08,5.602
204.12,5.375
204.16,5.697
204.2,5.562
204.24,5.703
204.28,5.831
204.32,5.51
204.36,5.592
204.4,5.284
204.44,5.745
204.48,6.213
204.52,5.854
204.56,6.21
204.6,6.13
204.64,5.286
204.68,5.03
204.72,4.973
204.76,5.278
204.8,5.529
204.84,5.121
204.88,5.05
204.92,5.125
204.96,5.263
205,5.835
205.04,5.924
205.08,5.952
205.12,5.772
205.16,5.614
205.2,5.278
205.24,5.712
205.28,5.571
205.32,5.707
205.36,5.42
205.4,5.225
205.44,5.57
205.48,5.806
205.52,5.272
205.56,5.238
205.6,6.048
205.64,6.282
205.68,5.837
205.72,5.57
205.76,5.752
205.8,5.957
205.84,5.707
205.88,5.272
205.92,5.037
205.96,5.49
206,6.247
206.04,6.565
206.08,6.5
206.12,6.813
206.16,6.467
206.2,7.011
206.24,6.874
206.28,6.809
206.32,6.542
206.36,6.196
206.4,5.935
206.44,6.286
206.48,6.357
206.52,4.835
206.56,4.509
206.6,4.396
206.64,4.972
206.68,6.235
206.72,7.372
206.76,6.505
206.8,5.561
206.84,5.19
206.88,6.191
206.92,6.764
206.96,7.497
207,7.71
207.04,7.481
207.08,6.929
207.12,6.979
207.16,6.95
207.2,6.892
207.24,6.801
207.28,6.962
207.32,6.967
207.36,6.868
207.4,6.918
207.44,6.802
207.48,6.916
207.52,7.388
207.56,7.283
207.6,7.201
207.64,6.915
207.68,6.589
207.72,6.952
207.76,7.085
207.8,7.19
207.84,6.869
207.88,7.212
207.92,7.029
207.96,6.83
208,7.171
208.04,7.72
208.08,7.538
208.12,7.948
208.16,8.212
208.2,8.318
208.24,7.925
208.28,8.268
208.32,7.704
208.36,7.491
208.4,6.86
208.44,6.873
208.48,7.192
208.52,7.331
208.56,8.136
208.6,7.936
208.64,7.787
208.68,7.691
208.72,7.404
208.76,7.735
208.8,7.905
208.84,8.508
208.88,8.746
208.92,9.014
208.96,9.026
209,8.412
209.04,8.251
209.08,7.559
209.12,7.652
209.16,7.671
209.2,7.858
209.24,7.652
209.28,7.837
209.32,7.827
209.36,7.753
209.4,7.893
209.44,7.678
209.48,7.437
209.52,7.077
209.56,7.173
209.6,6.777
209.64,7.467
209.68,7.134
209.72,7.038
209.76,6.292
209.8,6.984
209.84,6.999
209.88,8.096
209.92,8.03
209.96,7.911
210,7.183
210.04,7.647
210.08,7.749
210.12,7.484
210.16,7.744
210.2,8.301
210.24,8.493
210.28,8.481
210.32,8.953
210.36,9.03
210.4,8.475
210.44,8.751
210.48,8.554
210.52,7.833
210.56,7.612
210.6,7.527
210.64,6.719
210.68,7.357
210.72,7.413
210.76,7.378
210.8,7.628
210.84,7.6
210.88,7.693
210.92,7.49
210.96,6.941
211,6.832
211.04,6.764
211.08,6.768
211.12,7.348
211.16,7.024
211.2,6.467
211.24,7.065
211.28,6.755
211.32,6.998
211.36,7.277
211.4,6.891
211.44,6.887
211.48,7.307
211.52,6.972
211.56,6.446
211.6,6.566
211.64,6.685
211.68,6.702
211.72,6.9
211.76,7.087
211.8,7.299
211.84,7.492
211.88,7.185
211.92,7.392
211.96,6.364
212,6.454
212.04,6.003
212.08,5.428
212.12,6.034
212.16,6.669
212.2,6.619
212.24,6.037
212.28,6.521
212.32,6.112
212.36,6.112
212.4,6.665
212.44,6.374
212.48,6.615
212.52,6.2
212.56,6.127
212.6,7.26
212.64,6.338
212.68,7.053
212.72,6.613
212.76,6.487
212.8,5.46
212.84,5.213
212.88,5.807
212.92,5.904
212.96,5.488
213,5.568
213.04,5.49
213.08,5.154
213.12,4.861
213.16,5.277
213.2,5.271
213.24,5.089
213.28,5.27
213.32,6.095
213.36,6.511
213.4,5.986
213.44,6.411
213.48,5.738
213.52,7.041
213.56,7.036
213.6,7.181
213.64,7.158
213.68,7.818
213.72,7.512
213.76,7.314
213.8,7.048
213.84,7.095
213.88,7.216
213.92,7.076
213.96,6.961
214,6.795
214.04,6.731
214.08,6.351
214.12,6.167
214.16,6.513
214.2,6.61
214.24,6.558
214.28,6.686
214.32,6.673
214.36,6.501
214.4,6.36
214.44,6.491
214.48,6.022
214.52,8.043
214.56,7.871
214.6,7.502
214.64,7.372
214.68,7.667
214.72,7.315
214.76,6.941
214.8,7.223
214.84,7.581
214.88,8.012
214.92,7.737
214.96,7.985
215,8.069
215.04,7.803
215.08,7.306
215.12,6.996
215.16,6.86
215.2,6.283
215.24,6.143
215.28,6.142
215.32,6.054
215.36,6.358
215.4,6.116
215.44,6.644
215.48,6.081
215.52,5.546
215.56,6.023
215.6,7.167
215.64,6.7
215.68,6.216
215.72,6.184
215.76,6.454
215.8,6.558
215.84,6.398
215.88,6.228
215.92,5.709
215.96,6.269
216,6.231
216.04,6.288
216.08,5.709
216.12,6.693
216.16,6.264
216.2,7.243
216.24,6.719
216.28,6.242
216.32,5.488
216.36,8.053
216.4,8.458
216.44,8.268
216.48,8.181
216.52,8.715
216.56,8.467
216.6,8.783
216.64,7.466
216.68,8.129
216.72,7.55
216.76,7.088
216.8,7.557
216.84,7.612
216.88,7.402
216.92,7.646
216.96,7.095
217,6.833
217.04,6.429
217.08,6.773
217.12,6.716
217.16,7.058
217.2,7.387
217.24,7.296
217.28,6.948
217.32,7.305
217.36,6.813
217.4,6.41
217.44,6.492
217.48,6.124
217.52,6.379
217.56,5.727
217.6,5.665
217.64,6.514
217.68,6.83
217.72,6.893
217.76,6.582
217.8,5.382
217.84,5.292
217.88,4.701
217.92,6.376
217.96,6.564
218,6.419
218.04,6.383
218.08,5.488
218.12,5.807
218.16,6.173
218.2,6.652
218.24,6.45
218.28,6.302
218.32,5.821
218.36,5.364
218.4,5.271
218.44,5.4
218.48,5.521
218.52,6.704
218.56,6.104
218.6,5.887
218.64,6.347
218.68,6.015
218.72,5.962
218.76,5.819
218.8,6.81
218.84,6.44
218.88,6.041
218.92,5.668
218.96,5.566
219,6.234
219.04,6.131
219.08,6.666
219.12,6.89
219.16,5.352
219.2,5.588
219.24,5.197
219.28,5.57
219.32,5.144
219.36,4.898
219.4,5.857
219.44,5.448
219.48,5.55
219.52,6.207
219.56,6.247
219.6,6.186
219.64,6.125
219.68,6.106
219.72,5.901
219.76,5.593
219.8,5.974
219.84,5.913
219.88,5.825
219.92,6.225
219.96,6.014
220,6.582
220.04,6.537
220.08,6.567
220.12,6.413
220.16,6.06
220.2,6.051
220.24,6.647
220.28,6.645
220.32,5.765
220.36,6.334
220.4,6.233
220.44,6.533
220.48,6.541
220.52,6.115
220.56,6.96
220.6,6.568
220.64,5.983
220.68,7.694
220.72,7.137
220.76,7.328
220.8,7.472
220.84,7.455
220.88,7.104
220.92,6.956
220.96,7.215
221,6.868
221.04,6.876
221.08,6.368
221.12,6.359
221.16,6.259
221.2,6.429
221.24,6.476
221.28,6.101
221.32,6.119
221.36,5.503
221.4,5.989
221.44,6.787
221.48,6.753
221.52,6.179
221.56,6.175
221.6,6.078
221.64,6.578
221.68,6.252
221.72,6.384
221.76,6.267
221.8,6.509
221.84,6.929
221.88,7.175
221.92,7.214
221.96,7.291
222,7.139
222.04,6.937
222.08,6.622
222.12,6.719
222.16,6.637
222.2,6.894
222.24,7.618
222.28,7.709
222.32,7.205
222.36,7.449
222.4,7.164
222.44,7.28
222.48,7.157
222.52,6.232
222.56,6.899
222.6,7.843
222.64,7.776
222.68,7.797
222.72,7.407
222.76,7.681
222.8,7.772
222.84,7.572
222.88,7.81
222.92,7.341
222.96,6.461
223,6.874
223.04,6.477
223.08,5.902
223.12,6.405
223.16,6.306
223.2,5.859
223.24,6.027
223.28,6.33
223.32,6.477
223.36,6.82
223.4,6.61
223.44,6.282
223.48,6.522
223.52,6.875
223.56,6.866
223.6,6.627
223.64,6.593
223.68,6.573
223.72,6.187
223.76,6.216
223.8,6.106
223.84,5.946
223.88,6.207
223.92,6.363
223.96,6.621
224,6.749
224.04,6.849
224.08,6.611
224.12,6.408
224.16,6.128
224.2,6.159
224.24,6.238
224.28,6.354
224.32,6.634
224.36,6.494
224.4,6.693
224.44,6.758
224.48,6.751
224.52,5.839
224.56,6.098
224.6,6.049
224.64,6.381
224.68,6.506
224.72,6.595
224.76,6.924
224.8,6.34
224.84,6.536
224.88,6.686
224.92,6.535
224.96,6.48
225,6.473
225.04,6.389
225.08,6.83
225.12,7.109
225.16,7.148
225.2,7.087
225.24,7.11
225.28,7.027
225.32,6.577
225.36,7.043
225.4,6.793
225.44,6.399
225.48,6.608
225.52,6.368
225.56,5.934
225.6,6.369
225.64,6.791
225.68,6.72
225.72,6.497
225.76,6.139
225.8,6.09
225.84,5.974
225.88,6.109
225.92,6.286
225.96,6.123
226,6.292
226.04,6.303
226.08,6.969
226.12,6.967
226.16,6.774
226.2,6.629
226.24,6.7
226.28,7.028
226.32,6.788
226.36,6.316
226.4,6.386
226.44,6.466
226.48,6.343
226.52,6.716
226.56,7.439
226.6,6.206
226.64,5.847
226.68,6.587
226.72,7.418
226.76,7.445
226.8,6.695
226.84,5.895
226.88,5.775
226.92,6.921
226.96,7.329
227,7.353
227.04,7.176
227.08,7.274
227.12,7.151
227.16,7.047
227.2,6.749
227.24,6.809
227.28,6.792
227.32,6.62
227.36,6.532
227.4,6.413
227.44,6.688
227.48,6.634
227.52,6.497
227.56,6.575
227.6,6.898
227.64,6.765
227.68,6.034
227.72,5.602
227.76,5.699
227.8,6.172
227.84,6.12
227.88,6.309
227.92,6.434
227.96,6.043
228,5.854
228.04,5.298
228.08,6.643
228.12,6.895
228.16,6.545
228.2,5.86
228.24,5.588
228.28,5.517
228.32,5.413
228.36,5.517
228.4,5.987
228.44,5.815
228.48,5.966
228.52,5.414
228.56,5.272
228.6,5.742
228.64,6.634
228.68,6.758
228.72,6.864
228.76,6.89
228.8,6.624
228.84,6.349
228.88,6.488
228.92,6.576
228.96,7.04
229,7.598
229.04,7.616
229.08,7.607
229.12,7.236
229.16,7.323
229.2,7.205
229.24,7.07
229.28,7.636
229.32,7.385
229.36,7.854
229.4,7.658
229.44,7.249
229.48,7.392
229.52,6.248
229.56,6.731
229.6,6.587
229.64,6.326
229.68,6.573
229.72,6.125
229.76,6.656
229.8,6.178
229.84,6.28
229.88,7.219
229.92,6.557
229.96,6.294
230,6.583
230.04,6.842
230.08,7.008
230.12,7.154
230.16,8.141
230.2,9.245
230.24,9.198
230.28,8.99
230.32,9.319
230.36,10.019
230.4,9.841
230.44,9.378
230.48,9.386
230.52,8.93
230.56,8.542
230.6,9.056
230.64,8.72
230.68,9.217
230.72,9.24
230.76,9.32
230.8,8.925
230.84,8.212
230.88,8.109
230.92,7.929
230.96,7.994
231,7.944
231.04,8.284
231.08,8.057
231.12,7.846
231.16,7.277
231.2,7.01
231.24,6.618
231.28,6.055
231.32,6.579
231.36,7.307
231.4,7.294
231.44,7.539
231.48,7.485
231.52,7.459
231.56,6.994
231.6,7.296
231.64,7.376
231.68,7.524
231.72,7.132
231.76,7.023
231.8,7.134
231.84,8.127
231.88,7.623
231.92,7.119
231.96,6.865
232,6.817
232.04,6.964
232.08,6.56
232.12,6.628
232.16,6.327
232.2,7.316
232.24,7.338
232.28,7.837
232.32,7.731
232.36,7.206
232.4,7.091
232.44,7.256
232.48,8.18
232.52,8.693
232.56,8.491
232.6,8.162
232.64,7.894
232.68,8.182
232.72,8.08
232.76,8.076
232.8,7.787
232.84,7.762
232.88,7.898
232.92,7.665
232.96,7.329
233,7.219
233.04,7.315
233.08,7.893
233.12,7.603
233.16,7.464
233.2,7.194
233.24,7.774
233.28,7.634
233.32,7.346
233.36,7.309
233.4,6.935
233.44,7.084
233.48,7.31
233.52,6.872
233.56,7.058
233.6,7.416
233.64,7.137
233.68,7.14
233.72,7.098
233.76,6.988
233.8,7.023
233.84,6.747
233.88,6.649
233.92,7.229
233.96,7.029
234,6.967
234.04,7.143
234.08,7.197
234.12,7.061
234.16,6.916
234.2,6.801
234.24,7.397
234.28,7.051
234.32,6.704
234.36,5.981
234.4,6.204
234.44,6.008
234.48,6.438
234.52,6.571
234.56,6.667
234.6,7.073
234.64,6.188
234.68,5.834
234.72,6.489
234.76,6.615
234.8,6.463
234.84,6.087
234.88,6.02
234.92,5.939
234.96,5.711
235,5.7
235.04,5.808
235.08,6.237
235.12,6.554
235.16,6.22
235.2,5.803
235.24,5.934
235.28,5.969
235.32,6.418
235.36,7.405
235.4,7.123
235.44,7.04
235.48,7.005
235.52,7.228
235.56,7.178
235.6,7.498
235.64,7.529
235.68,7.419
235.72,6.972
235.76,7.233
235.8,6.807
235.84,6.74
235.88,6.945
235.92,6.688
235.96,6.562
236,6.691
236.04,6.358
236.08,6.587
236.12,6.674
236.16,6.815
236.2,6.906
236.24,6.721
236.28,6.2
236.32,6.201
236.36,6.2
236.4,5.902
236.44,5.534
236.48,5.73
236.52,6.057
236.56,6.316
236.6,6.308
236.64,6.237
236.68,6.242
236.72,5.867
236.76,6.205
236.8,6.2
236.84,6.019
236.88,6.444
236.92,6.015
236.96,5.65
237,5.598
237.04,5.654
237.08,5.37
237.12,5.601
237.16,6.426
237.2,6.624
237.24,6.295
237.28,6.365
237.32,6.33
237.36,7.685
237.4,7.479
237.44,7.25
237.48,7.203
237.52,7.156
237.56,7.015
237.6,6.718
237.64,6.482
237.68,6.691
237.72,6.317
237.76,6.462
237.8,6.575
237.84,6.321
237.88,6.354
237.92,6.436
237.96,6.479
238,5.77
238.04,6.455
238.08,6.98
238.12,6.753
238.16,6.647
238.2,6.357
238.24,6.135
238.28,6.691
238.32,6.474
238.36,6.594
238.4,6.988
238.44,7.045
238.48,7.016
238.52,6.795
238.56,6.756
238.6,6.498
238.64,6.432
238.68,6.415
238.72,6.677
238.76,6.873
238.8,6.724
238.84,6.724
238.88,6.721
238.92,7.332
238.96,7.292
239,7.222
239.04,7.21
239.08,7.154
239.12,7.012
239.16,6.847
239.2,6.743
239.24,6.531
239.28,6.413
239.32,6.573
239.36,6.227
239.4,6.505
239.44,6.527
239.48,6.239
239.52,6.198
239.56,6.205
239.6,5.769
239.64,5.556
239.68,6.119
239.72,6.192
239.76,5.781
239.8,5.396
239.84,5.232
239.88,4.939
239.92,6.117
239.96,6.182
240,5.956
240.04,5.418
240.08,5.787
240.12,5.632
240.16,5.514
240.2,5.619
240.24,5.623
240.28,5.062
240.32,4.991
240.36,5.681
240.4,5.964
240.44,5.55
240.48,5.977
240.52,5.826
240.56,5.961
240.6,6.11
240.64,5.816
240.68,5.877
240.72,5.207
240.76,5.204
240.8,5.106
240.84,5.139
240.88,5.743
240.92,5.295
240.96,5.213
241,5.634
241.04,5.884
241.08,5.788
241.12,5.744
241.16,5.962
241.2,6.723
241.24,6.496
241.28,6.469
241.32,6.687
241.36,5.897
241.4,5.743
241.44,5.432
241.48,6.408
241.52,6.316
241.56,6.735
241.6,6.982
241.64,7.414
241.68,7.678
241.72,7.978
241.76,8.331
241.8,6.123
241.84,5.371
241.88,6.235
241.92,8.352
241.96,7.845
242,8.602
242.04,9.072
242.08,8.16
242.12,8.318
242.16,8.385
242.2,8.853
242.24,8.703
242.28,8.715
242.32,8.782
242.36,8.904
242.4,8.512
242.44,8.407
242.48,8.13
242.52,7.854
242.56,8.297
242.6,8.396
242.64,8.439
242.68,7.976
242.72,7.96
242.76,7.329
242.8,7.234
242.84,7.119
242.88,7.432
242.92,7.213
242.96,7.174
243,7.231
243.04,7.047
243.08,6.848
243.12,7.217
243.16,7.411
243.2,7.844
243.24,7.45
243.28,7.693
243.32,8.082
243.36,8.057
243.4,7.82
243.44,7.662
243.48,7.581
243.52,7.575
243.56,7.272
243.6,7.123
243.64,6.274
243.68,6.453
243.72,7.402
243.76,6.956
243.8,7.163
243.84,7.624
243.88,7.82
243.92,7.733
243.96,7.795
244,7.671
244.04,7.41
244.08,7.707
244.12,7.797
244.16,7.823
244.2,6.796
244.24,6.489
244.28,7.393
244.32,7.375
244.36,7.297
244.4,7.329
244.44,6.916
244.48,7.029
244.52,6.831
244.56,6.893
244.6,7.204
244.64,7.03
244.68,7.441
244.72,7.08
244.76,7.116
244.8,6.714
244.84,6.697
244.88,6.703
244.92,6.331
244.96,5.837
245,5.882
245.04,5.288
245.08,6.834
245.12,6.195
245.16,6.482
245.2,7.636
245.24,7.486
245.28,7.436
245.32,7.091
245.36,7.349
245.4,7.18
245.44,6.776
245.48,6.262
245.52,5.948
245.56,5.837
245.6,6.633
245.64,5.776
245.68,5.829
245.72,5.367
245.76,5.492
245.8,7.757
245.84,8.159
245.88,7.82
245.92,6.736
245.96,6.427
246,6.467
246.04,6.37
246.08,5.571
246.12,5.312
246.16,5.744
246.2,7.053
246.24,7.463
246.28,6.862
246.32,7.338
246.36,6.602
246.4,6.5
246.44,6.549
246.48,7.298
246.52,7.017
246.56,7.691
246.6,7.285
246.64,6.935
246.68,6.844
246.72,6.451
246.76,6.574
246.8,6.92
246.84,6.899
246.88,7.321
246.92,6.504
246.96,6.732
247,7.131
247.04,7.041
247.08,7.324
247.12,6.858
247.16,6.399
247.2,6.771
247.24,6.46
247.28,6.605
247.32,6.195
247.36,6.223
247.4,6.656
247.44,6.621
247.48,5.889
247.52,5.965
247.56,6.409
247.6,6.29
247.64,6.343
247.68,6.571
247.72,6.336
247.76,6.733
247.8,6.66
247.84,6.465
247.88,5.984
247.92,5.785
247.96,5.836
248,6.322
248.04,6.103
248.08,6.108
248.12,6.559
248.16,6.648
248.2,6.563
248.24,6.84
248.28,6.242
248.32,6.358
248.36,6.598
248.4,6.594
248.44,7.037
248.48,6.943
248.52,7.022
248.56,7.322
248.6,7.278
248.64,7.953
248.68,7.757
248.72,6.923
248.76,7.767
248.8,7.82
248.84,7.689
248.88,7.433
248.92,7.432
248.96,7.376
249,7.226
249.04,7.222
249.08,7.088
249.12,6.947
249.16,6.538
249.2,6.318
249.24,6.447
249.28,6.418
249.32,6.615
249.36,7.915
249.4,7.877
249.44,7.748
249.48,6.952
249.52,7.021
249.56,6.734
249.6,7.097
249.64,6.523
249.68,6.528
249.72,6.845
249.76,6.645
249.8,6.168
249.84,6.21
249.88,6.089
249.92,5.808
249.96,6.045
250,6.201
250.04,6.055
250.08,5.782
250.12,6.588
250.16,6.551
250.2,6.593
250.24,6.409
250.28,6.223
250.32,6.209
250.36,6.442
250.4,6.716
250.44,6.889
250.48,6.221
250.52,6.243
250.56,6.673
250.6,6.606
250.64,6.142
250.68,5.99
250.72,5.914
250.76,5.916
250.8,6.296
250.84,6.201
250.88,5.693
250.92,5.995
250.96,5.54
251,5.145
251.04,5.108
251.08,6.161
251.12,5.911
251.16,6.239
251.2,6.948
251.24,6.793
251.28,7.096
251.32,7.278
251.36,7.02
251.4,6.715
251.44,6.736
251.48,6.504
251.52,6.566
251.56,6.483
251.6,6.279
251.64,6.5
251.68,6.52
251.72,6.303
251.76,6.439
251.8,6.372
251.84,6.216
251.88,6.337
251.92,6.128
251.96,6.01
252,5.793
252.04,5.778
252.08,5.393
252.12,5.55
252.16,5.706
252.2,5.86
252.24,5.71
252.28,5.439
252.32,5.73
252.36,5.842
252.4,5.845
252.44,6.11
252.48,6.251
252.52,6.084
252.56,6.117
252.6,6.107
252.64,5.966
252.68,6.125
252.72,5.959
252.76,6.27
252.8,6.178
252.84,5.491
252.88,5.237
252.92,5.594
252.96,5.274
253,5.15
253.04,5.082
253.08,4.714
253.12,4.038
253.16,4.361
253.2,4.039
253.24,4.204
253.28,4.202
253.32,4.343
253.36,4.524
253.4,4.669
253.44,5.527
253.48,6.748
253.52,6.505
253.56,6.522
253.6,6.344
253.64,6.046
253.68,6.039
253.72,6.688
253.76,6.12
253.8,5.972
253.84,6.025
253.88,4.951
253.92,4.426
253.96,4.852
254,5.073
254.04,5.215
254.08,6.086
254.12,5.927
254.16,5.952
254.2,6.163
254.24,5.723
254.28,5.931
254.32,5.56
254.36,5.393
254.4,5
254.44,5.312
254.48,5.501
254.52,5.423
254.56,6.314
254.6,6.459
254.64,5.983
254.68,5.596
254.72,5.709
254.76,5.973
254.8,6.45
254.84,6.805
254.88,6.132
254.92,5.957
254.96,5.84
255,6.127
255.04,6.316
255.08,6.567
255.12,6.327
255.16,5.862
255.2,5.653
255.24,6.097
255.28,5.831
255.32,5.255
255.36,5.916
255.4,6.961
255.44,7.416
255.48,7.296
255.52,7.552
255.56,7.599
255.6,7.334
255.64,6.298
255.68,6.356
255.72,6.299
255.76,6.22
255.8,5.701
255.84,5.541
255.88,6.045
255.92,6.13
255.96,7.22
256,6.683
256.04,6.485
256.08,6.186
256.12,6.244
256.16,6.298
256.2,6.303
256.24,6.498
256.28,7.1
256.32,7.587
256.36,7.112
256.4,6.944
256.44,6.431
256.48,6.498
256.52,6.562
256.56,6.75
256.6,7.247
256.64,7.038
256.68,6.2
256.72,5.88
256.76,5.466
256.8,5.678
256.84,5.562
256.88,5.525
256.92,5.995
256.96,5.554
257,5.899
257.04,5.709
257.08,5.526
257.12,6.328
257.16,6.522
257.2,6.728
257.24,6.341
257.28,6.365
257.32,6.39
257.36,6.283
257.4,7
257.44,7.369
257.48,7.658
257.52,7.682
257.56,9.697
257.6,9.109
257.64,8.237
257.68,8.338
257.72,8.601
257.76,8.753
257.8,7.685
257.84,7.725
257.88,8.143
257.92,7.44
257.96,7.105
258,7.865
258.04,8.086
258.08,7.515
258.12,8.081
258.16,8.142
258.2,7.46
258.24,8.625
258.28,8
258.32,8.268
258.36,8.614
258.4,8.702
258.44,8.307
258.48,7.66
258.52,8.096
258.56,7.653
258.6,7.246
258.64,7.163
258.68,7.135
258.72,7.677
258.76,7.57
258.8,7.328
258.84,7.677
258.88,7.636
258.92,6.716
258.96,6.685
259,6.481
259.04,6.503
259.08,6.704
259.12,6.238
259.16,6.141
259.2,6.794
259.24,7.548
259.28,7.886
259.32,7.879
259.36,7.601
259.4,7.762
259.44,8.214
259.48,7.304
259.52,7.133
259.56,7.154
259.6,6.895
259.64,6.988
259.68,6.943
259.72,7.036
259.76,6.326
259.8,6.324
259.84,6.502
259.88,6.88
259.92,6.973
259.96,6.879
260,6.329
260.04,6.369
260.08,6.501
260.12,5.981
260.16,6.512
260.2,6.951
260.24,7.044
260.28,6.667
260.32,6.338
260.36,5.875
260.4,6.389
260.44,6.342
260.48,5.995
260.52,6.123
260.56,6.771
260.6,7.1
260.64,7.099
260.68,6.827
260.72,6.387
260.76,6.52
260.8,6.058
260.84,5.973
260.88,5.902
260.92,6.161
260.96,6.015
261,5.985
261.04,6.458
261.08,6.477
261.12,6.673
261.16,6.617
261.2,5.999
261.24,6.155
261.28,6.666
261.32,6.74
261.36,6.487
261.4,6.316
261.44,6.162
261.48,5.543
261.52,6.089
261.56,6.488
261.6,6.99
261.64,7.331
261.68,7.335
261.72,7.58
261.76,7.237
261.8,7.111
261.84,6.889
261.88,7.249
261.92,6.28
261.96,6.644
262,7.087
262.04,7.483
262.08,6.705
262.12,7.019
262.16,7.264
262.2,6.972
262.24,6.936
262.28,6.852
262.32,7.735
262.36,7.235
262.4,6.979
262.44,7.663
262.48,7.242
262.52,6.872
262.56,6.844
262.6,6.97
262.64,6.464
262.68,6.838
262.72,6.859
262.76,6.759
262.8,6.283
262.84,7.075
262.88,6.726
262.92,6.674
262.96,6.692
263,6.704
263.04,5.968
263.08,5.883
263.12,5.385
263.16,5.425
263.2,6.833
263.24,6.771
263.28,6.287
263.32,6.072
263.36,6.376
263.4,6.118
263.44,6.219
263.48,6.093
263.52,5.542
263.56,4.933
263.6,5.662
263.64,5.304
263.68,4.944
263.72,5.309
263.76,5.022
263.8,5.531
263.84,5.446
263.88,5.743
263.92,6.558
263.96,6.208
264,6.008
264.04,6.337
264.08,6.716
264.12,6.86
264.16,6.835
264.2,6.794
264.24,6.982
264.28,6.664
264.32,6.188
264.36,6.243
264.4,6.215
264.44,6.423
264.48,6.617
264.52,6.442
264.56,6.183
264.6,6.252
264.64,6.405
264.68,6.566
264.72,6.203
264.76,5.598
264.8,6.137
264.84,6.132
264.88,6.613
264.92,6.835
264.96,6.608
265,6.464
265.04,6.313
265.08,6.869
265.12,6.431
265.16,6.568
265.2,6.602
265.24,6.317
265.28,6.442
265.32,6.386
265.36,6.912
265.4,6.729
265.44,7.111
265.48,5.787
265.52,6.444
265.56,7.036
265.6,6.987
265.64,6.89
265.68,6.845
265.72,6.84
265.76,6.223
265.8,6.417
265.84,6.724
265.88,6.654
265.92,6.717
265.96,6.161
266,6.521
266.04,6.226
266.08,6.504
266.12,6.153
266.16,6.04
266.2,6.04
266.24,6.014
266.28,6.217
266.32,6.878
266.36,5.973
266.4,6.265
266.44,6.067
266.48,6.835
266.52,6.959
266.56,6.662
266.6,6.474
266.64,6.295
266.68,6.425
266.72,6.001
266.76,5.899
266.8,6.205
266.84,6.436
266.88,6.697
266.92,6.244
266.96,6.393
267,6.645
267.04,6.273
267.08,5.338
267.12,5.729
267.16,5.09
267.2,6.358
267.24,5.944
267.28,5.183
267.32,5.539
267.36,5.314
267.4,5.036
267.44,5.492
267.48,6.659
267.52,6.744
267.56,8.705
267.6,9.15
267.64,9.2
267.68,8.232
267.72,9.56
267.76,9.077
267.8,8.683
267.84,8.199
267.88,8.385
267.92,7.641
267.96,7.856
268,7.754
268.04,8.582
268.08,8.148
268.12,8.768
268.16,8.91
268.2,8.172
268.24,7.44
268.28,7.814
268.32,7.848
268.36,7.603
268.4,7.754
268.44,7.918
268.48,8.122
268.52,7.782
268.56,7.788
268.6,8.168
268.64,7.978
268.68,7.482
268.72,7.707
268.76,8.434
268.8,6.96
268.84,7.023
268.88,6.707
268.92,7.029
268.96,6.442
269,6.811
269.04,6.649
269.08,6.856
269.12,6.979
269.16,7.406
269.2,6.722
269.24,6.55
269.28,6.649
269.32,6.266
269.36,6.408
269.4,5.916
269.44,5.818
269.48,6.324
269.52,6.351
269.56,5.685
269.6,5.812
269.64,6.152
269.68,5.407
269.72,5.393
269.76,6.59
269.8,7.472
269.84,7.077
269.88,6.871
269.92,6.746
269.96,6.711
270,6.479
270.04,6.566
270.08,6.197
270.12,6.045
270.16,5.945
270.2,5.562
270.24,5.256
270.28,5.486
270.32,5.779
270.36,7.101
270.4,7.016
270.44,6.815
270.48,6.81
270.52,7.198
270.56,7.016
270.6,6.591
270.64,5.204
270.68,5.516
270.72,6.271
270.76,5.532
270.8,5.448
270.84,6.355
270.88,7.012
270.92,6.658
270.96,6.801
271,6.763
271.04,7.097
271.08,7.089
271.12,7.063
271.16,7.682
271.2,6.86
271.24,7.311
271.28,7.307
271.32,7.443
271.36,7.752
271.4,7.31
271.44,7.299
271.48,6.938
271.52,7.169
271.56,7.155
271.6,7.498
271.64,7.634
271.68,7.317
271.72,7.29
271.76,7.335
271.8,7.275
271.84,7.082
271.88,6.906
271.92,6.869
271.96,6.893
272,6.652
272.04,7.273
272.08,7.275
272.12,7.166
272.16,7.134
272.2,7.05
272.24,6.737
272.28,6.717
272.32,6.902
272.36,6.61
272.4,6.421
272.44,6.514
272.48,7.135
272.52,6.736
272.56,6.914
272.6,6.851
272.64,6.901
272.68,6.681
272.72,6.571
272.76,6.75
272.8,6.761
272.84,6.566
272.88,6.246
272.92,5.647
272.96,5.124
273,5.324
273.04,5.602
273.08,6.084
273.12,5.889
273.16,6.334
273.2,6.163
273.24,6.352
273.28,6.183
273.32,5.88
273.36,6.043
273.4,6.509
273.44,6.595
273.48,6.672
273.52,6.992
273.56,6.812
273.6,6.644
273.64,6.39
273.68,5.969
273.72,6.404
273.76,5.849
273.8,5.912
273.84,6.384
273.88,6.479
273.92,6.429
273.96,6.79
274,6.42
274.04,6.751
274.08,7.382
274.12,7.403
274.16,7.309
274.2,7.122
274.24,7.055
274.28,7.041
274.32,7.067
274.36,7.164
274.4,6.54
274.44,6.647
274.48,6.452
274.52,6.473
274.56,6.232
274.6,6.032
274.64,6.15
274.68,6.218
274.72,6.735
274.76,6.49
274.8,6.699
274.84,6.669
274.88,6.688
274.92,5.634
274.96,5.67
275,5.602
275.04,6.284
275.08,6.118
275.12,6.028
275.16,5.592
275.2,5.282
275.24,5.412
275.28,5.557
275.32,5.918
275.36,5.666
275.4,6.007
275.44,5.952
275.48,5.712
275.52,6.469
275.56,6.407
275.6,7.627
275.64,7.387
275.68,7.122
275.72,6.885
275.76,6.938
275.8,6.739
275.84,6.767
275.88,6.74
275.92,7.048
275.96,6.649
276,6.28
276.04,7.267
276.08,7.209
276.12,7.216
276.16,8.099
276.2,7.644
276.24,7.624
276.28,7.575
276.32,7.223
276.36,7.599
276.4,7.629
276.44,7.917
276.48,7.383
276.52,7.057
276.56,6.79
276.6,6.828
276.64,6.177
276.68,6.908
276.72,7.191
276.76,6.725
276.8,6.048
276.84,6.414
276.88,6.592
276.92,6.735
276.96,6.018
277,5.697
277.04,6.147
277.08,6.308
277.12,6.285
277.16,6.356
277.2,6.195
277.24,5.777
277.28,5.741
277.32,5.934
277.36,6.201
277.4,5.984
277.44,5.812
277.48,5.35
277.52,6.082
277.56,5.925
277.6,5.441
277.64,4.91
277.68,5.181
277.72,5.119
277.76,4.74
277.8,4.983
277.84,4.48
277.88,4.296
277.92,5.225
277.96,4.505
278,4.453
278.04,4.603
278.08,4.43
278.12,4.934
278.16,5.513
278.2,4.928
278.24,5.842
278.28,6.072
278.32,4.853
278.36,5.15
278.4,4.786
278.44,5.573
278.48,6.03
278.52,5.951
278.56,5.925
278.6,6.276
278.64,6.771
278.68,6.755
278.72,6.1
278.76,7.564
278.8,7.348
278.84,7.593
278.88,7.542
278.92,7.493
278.96,7.447
279,7.412
279.04,7.175
279.08,7.238
279.12,6.985
279.16,7.136
279.2,7.33
279.24,7.048
279.28,6.872
279.32,6.547
279.36,6.099
279.4,6.293
279.44,6.025
279.48,7.086
279.52,6.988
279.56,6.8
279.6,6.222
279.64,5.884
279.68,5.519
279.72,5.36
279.76,5.024
279.8,4.945
279.84,5.14
279.88,5.466
279.92,5.511
279.96,5.564
280,5.721
280.04,5.937
280.08,5.199
280.12,5.229
280.16,5.417
280.2,5.788
280.24,5.501
280.28,5.402
280.32,5.273
280.36,5.531
280.4,5.336
280.44,5.485
280.48,5.076
280.52,4.723
280.56,4.668
280.6,5.439
280.64,6.223
280.68,6.357
280.72,6.589
280.76,6.46
280.8,6.442
280.84,6.631
280.88,6.246
280.92,6.494
280.96,6.27
281,6.15
281.04,6.046
281.08,5.836
281.12,5.924
281.16,5.886
281.2,5.751
281.24,5.849
281.28,5.338
281.32,4.899
281.36,6.021
281.4,6.135
281.44,6.433
281.48,7.02
281.52,6.127
281.56,5.263
281.6,5.359
281.64,6.233
281.68,6.415
281.72,7.269
281.76,8.74
281.8,8.465
281.84,7.112
281.88,6.473
281.92,7.683
281.96,7.157
282,7.031
282.04,6.797
282.08,7.629
282.12,7.844
282.16,8.235
282.2,8.028
282.24,8.186
282.28,7.882
282.32,7.884
282.36,8.534
282.4,8.089
282.44,7.857
282.48,7.076
282.52,7.676
282.56,7.028
282.6,6.61
282.64,7.567
282.68,7.208
282.72,8.461
282.76,8.429
282.8,8.456
282.84,7.456
282.88,7.166
282.92,7.693
282.96,8.521
283,9.285
283.04,10.117
283.08,8.962
283.12,8.861
283.16,8.385
283.2,10.064
283.24,10.241
283.28,9.996
283.32,10
283.36,9.206
283.4,8.999
283.44,9.323
283.48,9.191
283.52,9.364
283.56,9.362
283.6,9.101
283.64,8.894
283.68,9.376
283.72,8.893
283.76,8.345
283.8,7.414
283.84,7.376
283.88,6.997
283.92,6.718
283.96,5.798
284,5.787
284.04,8.543
284.08,8.666
284.12,8.667
284.16,8.637
284.2,7.153
284.24,8.394
284.28,8.696
284.32,9.388
284.36,8.232
284.4,9.326
284.44,8.324
284.48,8.45
284.52,8.589
284.56,8.652
284.6,8.528
284.64,8.963
284.68,8.932
284.72,8.599
284.76,8.348
284.8,7.439
284.84,7.694
284.88,7.553
284.92,8.748
284.96,9.011
285,9.184
285.04,9.317
285.08,9.014
285.12,9.107
285.16,8.84
285.2,9.099
285.24,8.834
285.28,8.166
285.32,7.709
285.36,7.441
285.4,8.045
285.44,6.954
285.48,7.614
285.52,6.934
285.56,6.894
285.6,8.264
285.64,9.79
285.68,9.392
285.72,8.78
285.76,8.898
285.8,8.105
285.84,7.433
285.88,7.357
285.92,7.657
285.96,9.931
286,9.411
286.04,9.609
286.08,10.02
286.12,9.122
286.16,9.885
286.2,10.427
286.24,11.617
286.28,10.802
286.32,10.884
286.36,9.833
286.4,9.832
286.44,9.955
286.48,10.216
286.52,9.984
286.56,9.614
286.6,9.399
286.64,8.835
286.68,8.519
286.72,8.419
286.76,9.142
286.8,9.101
286.84,8.843
286.88,8.736
286.92,7.396
286.96,6.918
287,7.569
287.04,8.414
287.08,8.199
287.12,7.908
287.16,8.755
287.2,9.215
287.24,9.288
287.28,9.02
287.32,8.441
287.36,8.476
287.4,8.212
287.44,8.067
287.48,8.278
287.52,8.096
287.56,7.678
287.6,8.432
287.64,7.335
287.68,8.007
287.72,7.936
287.76,6.708
287.8,7.005
287.84,6.15
287.88,6.9
287.92,6.715
287.96,7.483
288,7.399
288.04,7.787
288.08,7.138
288.12,7.124
288.16,7.28
288.2,7.052
288.24,6.588
288.28,6.47
288.32,6.856
288.36,6.707
288.4,6.187
288.44,5.779
288.48,6.789
288.52,6.722
288.56,6.532
288.6,6.588
288.64,7.695
288.68,7.527
288.72,6.588
288.76,6.688
288.8,6.555
288.84,7.339
288.88,6.849
288.92,6.913
288.96,6.805
289,6.701
289.04,7.459
289.08,7.169
289.12,6.511
289.16,7.147
289.2,7.169
289.24,7.368
289.28,7.264
289.32,6.657
289.36,6.086
289.4,5.755
289.44,5.795
289.48,5.8
289.52,5.795
289.56,5.488
289.6,5.802
289.64,8.168
289.68,7.421
289.72,7.795
289.76,8.108
289.8,7.034
289.84,7.15
289.88,6.762
289.92,8.856
289.96,8.426
290,8.485
290.04,8.204
290.08,8.155
290.12,8.428
290.16,8.013
290.2,7.685
290.24,7.406
290.28,6.898
290.32,7.104
290.36,6.632
290.4,7.045
290.44,7.522
290.48,7.772
290.52,7.213
290.56,6.787
290.6,7.039
290.64,7
290.68,6.809
290.72,7.439
290.76,7.477
290.8,8.233
290.84,8.106
290.88,7.876
290.92,7.361
290.96,7.756
291,7.937
291.04,7.812
291.08,7.553
291.12,8.121
291.16,7.602
291.2,6.97
291.24,7.449
291.28,7.4
291.32,8.568
291.36,7.587
291.4,7.371
291.44,7.552
291.48,7.989
291.52,7.902
291.56,8.233
291.6,8.311
291.64,7.839
291.68,7.948
291.72,7.961
291.76,7.912
291.8,7.912
291.84,8.012
291.88,8.243
291.92,7.947
291.96,7.909
292,8.021
292.04,7.193
292.08,7.381
292.12,7.373
292.16,7.085
292.2,6.697
292.24,6.676
292.28,5.996
292.32,5.857
292.36,5.626
292.4,5.947
292.44,6.291
292.48,5.372
292.52,5.138
292.56,5.389
292.6,5.453
292.64,5.37
292.68,5.662
292.72,5.744
292.76,5.431
292.8,5.981
292.84,5.741
292.88,6.362
292.92,6.147
292.96,6.856
293,7.279
293.04,6.49
293.08,5.824
293.12,5.824
293.16,4.737
293.2,4.673
293.24,6.467
293.28,6.688
293.32,6.661
293.36,6.691
293.4,6.589
293.44,6.629
293.48,7.132
293.52,6.969
293.56,6.761
293.6,6.788
293.64,6.826
293.68,7.485
293.72,7.027
293.76,7.205
293.8,6.891
293.84,6.92
293.88,6.817
293.92,7.174
293.96,7.122
294,8.182
294.04,7.624
294.08,6.945
294.12,7.871
294.16,8.011
294.2,7.745
294.24,8.158
294.28,8.32
294.32,6.735
294.36,6.516
294.4,6.361
294.44,5.502
294.48,6.204
294.52,5.751
294.56,5.928
294.6,6.636
294.64,6.485
294.68,7.316
294.72,7.454
294.76,7.847
294.8,6.878
294.84,7.031
294.88,7.122
294.92,7.48
294.96,7.68
295,7.588
295.04,7.099
295.08,6.691
295.12,6.545
295.16,7.807
295.2,7.677
295.24,7.708
295.28,7.432
295.32,6.666
295.36,6.502
295.4,7.273
295.44,7.832
295.48,7.289
295.52,7.321
295.56,7.426
295.6,8.013
295.64,7.89
295.68,6.922
295.72,7.01
295.76,7.527
295.8,7.352
295.84,7.505
295.88,7.909
295.92,8.148
295.96,8.521
296,8.933
296.04,7.659
296.08,7.297
296.12,7.305
296.16,8.133
296.2,8.13
296.24,7.851
296.28,8.002
296.32,8.123
296.36,8.703
296.4,8.482
296.44,7.485
296.48,7.55
296.52,8.164
296.56,8.023
296.6,8.426
296.64,9.027
296.68,8.267
296.72,7.678
296.76,8.653
296.8,8.298
296.84,8.1
296.88,8.159
296.92,8.72
296.96,7.974
297,8.064
297.04,8.11
297.08,8.571
297.12,8.057
297.16,8.038
297.2,7.707
297.24,7.256
297.28,7.066
297.32,7.623
297.36,7.395
297.4,7.151
297.44,7.172
297.48,7.567
297.52,7.463
297.56,7.635
297.6,8.592
297.64,8.087
297.68,7.866
297.72,7.058
297.76,6.881
297.8,6.902
297.84,8.021
297.88,8.17
297.92,7.498
297.96,6.854
298,6.554
298.04,7.418
298.08,8.085
298.12,7.922
298.16,7.501
298.2,6.903
298.24,6.05
298.28,6.513
298.32,5.658
298.36,5.708
298.4,5.866
298.44,7.309
298.48,6.617
298.52,6.462
298.56,7.349
298.6,8.135
298.64,7.334
298.68,7.597
298.72,7.938
298.76,7.655
298.8,8.276
298.84,9.192
298.88,9.232
298.92,7.631
298.96,7.732
299,6.738
299.04,7.93
299.08,8.913
299.12,9.286
299.16,8.34
299.2,8.894
299.24,9.183
299.28,8.537
299.32,8.389
299.36,8.682
299.4,8.914
299.44,8.997
299.48,8.489
299.52,8.498
299.56,8.082
299.6,7.454
299.64,7.537
299.68,7.243
299.72,7.125
299.76,6.866
299.8,6.549
299.84,6.405
299.88,8.082
299.92,8.133
299.96,7.875
300,7.88
