t,n
0,25
0.04,25
0.08,0
0.12,50
0.16,0
0.2,25
0.24,50
0.28,50
0.32,25
0.36,25
0.4,50
0.44,25
0.48,0
0.52,100
0.56,0
0.6,75
0.64,0
0.68,25
0.72,25
0.76,0
0.8,25
0.84,50
0.88,0
0.92,25
0.96,100
1,50
1.04,25
1.08,25
1.12,25
1.16,25
1.2,0
1.24,25
1.28,25
1.32,50
1.36,100
1.4,0
1.44,25
1.48,50
1.52,50
1.56,75
1.6,25
1.64,25
1.68,50
1.72,50
1.76,75
1.8,25
1.84,75
1.88,25
1.92,50
1.96,0
2,175
2.04,75
2.08,25
2.12,0
2.16,50
2.2,50
2.24,50
2.28,75
2.32,50
2.36,50
2.4,25
2.44,50
2.48,75
2.52,50
2.56,25
2.6,25
2.64,50
2.68,0
2.72,0
2.76,25
2.8,75
2.84,50
2.88,100
2.92,25
2.96,100
3,25
3.04,75
3.08,50
3.12,150
3.16,50
3.2,75
3.24,125
3.28,100
3.32,125
3.36,25
3.4,100
3.44,75
3.48,50
3.52,0
3.56,75
3.6,25
3.64,75
3.68,75
3.72,50
3.76,75
3.8,75
3.84,25
3.88,150
3.92,50
3.96,75
4,150
4.04,75
4.08,75
4.12,75
4.16,50
4.2,25
4.24,50
4.28,25
4.32,0
4.36,75
4.4,50
4.44,125
4.48,25
4.52,50
4.56,100
4.6,100
4.64,25
4.68,150
4.72,100
4.76,75
4.8,125
4.84,50
4.88,50
4.92,75
4.96,0
5,75
5.04,125
5.08,50
5.12,25
5.16,25
5.2,100
5.24,0
5.28,50
5.32,50
5.36,25
5.4,25
5.44,75
5.48,0
5.52,100
5.56,50
5.6,50
5.64,0
5.68,100
5.72,25
5.76,25
5.8,25
5.84,25
5.88,0
5.92,100
5.96,0
6,0
6.04,25
6.08,25
6.12,0
6.16,25
6.2,25
6.24,0
6.28,25
6.32,75
6.36,0
6.4,25
6.44,50
6.48,100
6.52,0
6.56,0
6.6,25
6.64,25
6.68,25
6.72,25
6.76,100
6.8,50
6.84,50
6.88,25
6.92,0
6.96,25
7,0
7.04,0
7.08,0
7.12,0
7.16,50
7.2,50
7.24,0
7.28,25
7.32,0
7.36,0
7.4,0
7.44,25
7.48,0
7.52,75
7.56,25
7.6,0
7.64,0
7.68,25
7.72,25
7.76,50
7.8,100
7.84,25
7.88,0
7.92,0
7.96,75
8,125
8.04,75
8.08,0
8.12,50
8.16,50
8.2,25
8.24,25
8.28,75
8.32,25
8.36,25
8.4,0
8.44,25
8.48,25
8.52,25
8.56,50
8.6,0
8.64,200
8.68,75
8.72,100
8.76,25
8.8,50
8.84,25
8.88,75
8.92,25
8.96,50
9,100
9.04,0
9.08,0
9.12,25
9.16,0
9.2,25
9.24,25
9.28,50
9.32,25
9.36,75
9.4,0
9.44,0
9.48,25
9.52,0
9.56,0
9.6,0
9.64,100
9.68,50
9.72,25
9.76,75
9.8,25
9.84,25
9.88,25
9.92,0
9.96,25
10,75
10.04,25
10.08,0
10.12,50
10.16,50
10.2,25
10.24,0
10.28,0
10.32,100
10.36,25
10.4,50
10.44,0
10.48,75
10.52,75
10.56,50
10.6,0
10.64,25
10.68,50
10.72,125
10.76,50
10.8,50
10.84,0
10.88,25
10.92,125
10.96,0
11,0
11.04,25
11.08,50
11.12,50
11.16,0
11.2,25
11.24,0
11.28,0
11.32,100
11.36,25
11.4,50
11.44,0
11.48,0
11.52,0
11.56,75
11.6,25
11.64,75
11.68,0
11.72,25
11.76,0
11.8,25
11.84,0
11.88,100
11.92,0
11.96,0
12,25
12.04,50
12.08,25
12.12,125
12.16,0
12.2,0
12.24,25
12.28,50
12.32,0
12.36,25
12.4,25
12.44,0
12.48,75
12.52,25
12.56,25
12.6,0
12.64,0
12.68,25
12.72,0
12.76,0
12.8,0
12.84,25
12.88,25
12.92,0
12.96,0
13,50
13.04,25
13.08,25
13.12,50
13.16,25
13.2,0
13.24,25
13.28,0
13.32,0
13.36,0
13.4,25
13.44,0
13.48,0
13.52,50
13.56,0
13.6,0
13.64,25
13.68,0
13.72,0
13.76,25
13.8,0
13.84,0
13.88,0
13.92,25
13.96,25
14,0
14.04,25
14.08,0
14.12,50
14.16,25
14.2,25
14.24,25
14.28,25
14.32,25
14.36,50
14.4,25
14.44,50
14.48,0
14.52,25
14.56,0
14.6,0
14.64,50
14.68,0
14.72,0
14.76,0
14.8,25
14.84,0
14.88,75
14.92,0
14.96,25
15,0
15.04,0
15.08,0
15.12,0
15.16,0
15.2,0
15.24,0
15.28,0
15.32,0
15.36,25
15.4,0
15.44,25
15.48,0
15.52,0
15.56,0
15.6,0
15.64,0
15.68,0
15.72,0
15.76,0
15.8,0
15.84,0
15.88,0
15.92,0
15.96,0
16,0
16.04,0
16.08,0
16.12,0
16.16,0
16.2,0
16.24,0
16.28,0
16.32,0
16.36,0
16.4,0
16.44,0
16.48,0
16.52,0
16.56,25
16.6,0
16.64,0
16.68,0
16.72,0
16.76,0
16.8,0
16.84,25
16.88,0
16.92,25
16.96,0
17,0
17.04,25
17.08,0
17.12,0
17.16,0
17.2,0
17.24,0
17.28,0
17.32,25
17.36,0
17.4,0
17.44,0
17.48,25
17.52,0
17.56,0
17.6,0
17.64,0
17.68,0
17.72,0
17.76,0
17.8,0
17.84,0
17.88,25
17.92,0
17.96,0
18,0
18.04,0
18.08,25
18.12,0
18.16,0
18.2,0
18.24,25
18.28,0
18.32,0
18.36,0
18.4,0
18.44,25
18.48,0
18.52,0
18.56,0
18.6,0
18.64,0
18.68,0
18.72,0
18.76,0
18.8,0
18.84,0
18.88,25
18.92,0
18.96,0
19,0
19.04,25
19.08,0
19.12,0
19.16,0
19.2,0
19.24,25
19.28,25
19.32,0
19.36,0
19.4,25
19.44,0
19.48,0
19.52,0
19.56,0
19.6,0
19.64,0
19.68,0
19.72,0
19.76,0
19.8,0
19.84,0
19.88,0
19.92,0
19.96,0
20,0
20.04,0
20.08,0
20.12,0
20.16,0
20.2,0
20.24,0
20.28,0
20.32,0
20.36,0
20.4,0
20.44,0
20.48,0
20.52,0
20.56,0
20.6,0
20.64,0
20.68,0
20.72,0
20.76,0
20.8,0
20.84,25
20.88,0
20.92,0
20.96,0
21,0
21.04,25
21.08,0
21.12,0
21.16,0
21.2,0
21.24,0
21.28,0
21.32,0
21.36,0
21.4,0
21.44,0
21.48,25
21.52,0
21.56,0
21.6,0
21.64,0
21.68,0
21.72,0
21.76,0
21.8,0
21.84,0
21.88,0
21.92,0
21.96,0
22,0
22.04,0
22.08,0
22.12,0
22.16,0
22.2,0
22.24,0
22.28,0
22.32,0
22.36,25
22.4,50
22.44,25
22.48,0
22.52,25
22.56,0
22.6,25
22.64,25
22.68,0
22.72,25
22.76,25
22.8,0
22.84,25
22.88,25
22.92,0
22.96,50
23,0
23.04,0
23.08,0
23.12,0
23.16,25
23.2,75
23.24,50
23.28,0
23.32,50
23.36,50
23.4,50
23.44,0
23.48,0
23.52,25
23.56,75
23.6,0
23.64,0
23.68,50
23.72,0
23.76,25
23.8,75
23.84,0
23.88,25
23.92,50
23.96,0
24,25
24.04,75
24.08,0
24.12,25
24.16,50
24.2,25
24.24,25
24.28,0
24.32,0
24.36,0
24.4,0
24.44,25
24.48,25
24.52,0
24.56,0
24.6,0
24.64,0
24.68,0
24.72,25
24.76,25
24.8,0
24.84,25
24.88,0
24.92,75
24.96,0
25,0
25.04,0
25.08,0
25.12,0
25.16,0
25.2,25
25.24,0
25.28,0
25.32,25
25.36,0
25.4,0
25.44,0
25.48,0
25.52,0
25.56,0
25.6,25
25.64,0
25.68,25
25.72,0
25.76,0
25.8,0
25.84,25
25.88,0
25.92,0
25.96,25
26,0
26.04,0
26.08,25
26.12,0
26.16,0
26.2,0
26.24,0
26.28,0
26.32,0
26.36,0
26.4,0
26.44,0
26.48,0
26.52,0
26.56,0
26.6,0
26.64,0
26.68,0
26.72,0
26.76,0
26.8,0
26.84,0
26.88,0
26.92,0
26.96,0
27,0
27.04,25
27.08,0
27.12,0
27.16,25
27.2,0
27.24,0
27.28,0
27.32,0
27.36,25
27.4,0
27.44,25
27.48,0
27.52,25
27.56,50
27.6,25
27.64,50
27.68,75
27.72,25
27.76,0
27.8,0
27.84,0
27.88,25
27.92,25
27.96,0
28,0
28.04,0
28.08,25
28.12,0
28.16,0
28.2,0
28.24,25
28.28,0
28.32,0
28.36,0
28.4,0
28.44,25
28.48,0
28.52,0
28.56,0
28.6,50
28.64,25
28.68,0
28.72,25
28.76,0
28.8,25
28.84,25
28.88,0
28.92,0
28.96,0
29,0
29.04,25
29.08,25
29.12,0
29.16,0
29.2,0
29.24,25
29.28,0
29.32,25
29.36,75
29.4,0
29.44,25
29.48,25
29.52,25
29.56,25
29.6,50
29.64,25
29.68,25
29.72,0
29.76,25
29.8,25
29.84,25
29.88,25
29.92,0
29.96,25
30,50
30.04,75
30.08,0
30.12,125
30.16,25
30.2,0
30.24,75
30.28,50
30.32,50
30.36,25
30.4,25
30.44,25
30.48,25
30.52,50
30.56,0
30.6,25
30.64,25
30.68,50
30.72,25
30.76,75
30.8,25
30.84,0
30.88,0
30.92,0
30.96,50
31,25
31.04,25
31.08,75
31.12,0
31.16,100
31.2,50
31.24,25
31.28,25
31.32,50
31.36,50
31.4,0
31.44,0
31.48,25
31.52,0
31.56,0
31.6,25
31.64,0
31.68,0
31.72,25
31.76,0
31.8,0
31.84,0
31.88,0
31.92,0
31.96,0
32,75
32.04,0
32.08,0
32.12,25
32.16,0
32.2,25
32.24,0
32.28,0
32.32,25
32.36,25
32.4,0
32.44,0
32.48,25
32.52,0
32.56,25
32.6,0
32.64,25
32.68,0
32.72,0
32.76,0
32.8,0
32.84,0
32.88,0
32.92,25
32.96,0
33,25
33.04,0
33.08,0
33.12,0
33.16,0
33.2,0
33.24,0
33.28,0
33.32,0
33.36,25
33.4,0
33.44,0
33.48,25
33.52,0
33.56,0
33.6,0
33.64,0
33.68,25
33.72,0
33.76,25
33.8,0
33.84,0
33.88,25
33.92,0
33.96,0
34,0
34.04,25
34.08,0
34.12,0
34.16,0
34.2,25
34.24,50
34.28,25
34.32,0
34.36,25
34.4,0
34.44,25
34.48,25
34.52,0
34.56,25
34.6,50
34.64,0
34.68,0
34.72,0
34.76,0
34.8,0
34.84,0
34.88,0
34.92,25
34.96,0
35,0
35.04,0
35.08,0
35.12,0
35.16,0
35.2,25
35.24,0
35.28,25
35.32,0
35.36,0
35.4,0
35.44,0
35.48,0
35.52,0
35.56,0
35.6,0
35.64,0
35.68,25
35.72,25
35.76,0
35.8,0
35.84,0
35.88,0
35.92,0
35.96,0
36,0
36.04,0
36.08,0
36.12,0
36.16,0
36.2,0
36.24,0
36.28,25
36.32,0
36.36,0
36.4,0
36.44,0
36.48,0
36.52,0
36.56,0
36.6,0
36.64,0
36.68,0
36.72,0
36.76,0
36.8,0
36.84,0
36.88,0
36.92,0
36.96,0
37,0
37.04,0
37.08,0
37.12,0
37.16,0
37.2,0
37.24,0
37.28,0
37.32,0
37.36,0
37.4,0
37.44,0
37.48,0
37.52,0
37.56,0
37.6,25
37.64,0
37.68,0
37.72,0
37.76,0
37.8,0
37.84,0
37.88,0
37.92,0
37.96,0
38,0
38.04,0
38.08,0
38.12,0
38.16,0
38.2,0
38.24,0
38.28,0
38.32,0
38.36,0
38.4,0
38.44,0
38.48,0
38.52,0
38.56,0
38.6,0
38.64,0
38.68,0
38.72,0
38.76,0
38.8,0
38.84,0
38.88,0
38.92,0
38.96,0
39,0
39.04,0
39.08,0
39.12,0
39.16,0
39.2,0
39.24,0
39.28,0
39.32,0
39.36,0
39.4,0
39.44,0
39.48,0
39.52,0
39.56,0
39.6,0
39.64,0
39.68,0
39.72,0
39.76,0
39.8,0
39.84,0
39.88,0
39.92,0
39.96,0
40,0
40.04,0
40.08,0
40.12,0
40.16,0
40.2,0
40.24,0
40.28,0
40.32,0
40.36,0
40.4,0
40.44,0
40.48,0
40.52,0
40.56,0
40.6,0
40.64,0
40.68,0
40.72,0
40.76,0
40.8,0
40.84,0
40.88,0
40.92,0
40.96,0
41,0
41.04,0
41.08,0
41.12,0
41.16,0
41.2,0
41.24,0
41.28,0
41.32,0
41.36,0
41.4,0
41.44,0
41.48,0
41.52,0
41.56,0
41.6,0
41.64,0
41.68,0
41.72,0
41.76,0
41.8,0
41.84,0
41.88,0
41.92,0
41.96,0
42,0
42.04,0
42.08,0
42.12,0
42.16,0
42.2,0
42.24,0
42.28,0
42.32,0
42.36,0
42.4,0
42.44,0
42.48,0
42.52,0
42.56,0
42.6,0
42.64,0
42.68,0
42.72,0
42.76,0
42.8,0
42.84,0
42.88,0
42.92,0
42.96,0
43,0
43.04,0
43.08,0
43.12,0
43.16,0
43.2,0
43.24,0
43.28,0
43.32,0
43.36,0
43.4,0
43.44,0
43.48,0
43.52,0
43.56,0
43.6,0
43.64,0
43.68,0
43.72,0
43.76,0
43.8,0
43.84,0
43.88,0
43.92,0
43.96,0
44,0
44.04,0
44.08,0
44.12,0
44.16,0
44.2,0
44.24,0
44.28,0
44.32,0
44.36,0
44.4,0
44.44,0
44.48,0
44.52,0
44.56,0
44.6,0
44.64,0
44.68,0
44.72,0
44.76,0
44.8,0
44.84,0
44.88,0
44.92,0
44.96,0
45,0
45.04,0
45.08,0
45.12,0
45.16,0
45.2,0
45.24,0
45.28,0
45.32,0
45.36,0
45.4,0
45.44,0
45.48,0
45.52,0
45.56,0
45.6,0
45.64,0
45.68,0
45.72,0
45.76,0
45.8,0
45.84,0
45.88,0
45.92,0
45.96,0
46,0
46.04,0
46.08,0
46.12,0
46.16,0
46.2,0
46.24,0
46.28,0
46.32,0
46.36,0
46.4,0
46.44,0
46.48,0
46.52,0
46.56,0
46.6,0
46.64,0
46.68,0
46.72,0
46.76,0
46.8,0
46.84,0
46.88,0
46.92,0
46.96,0
47,0
47.04,0
47.08,0
47.12,0
47.16,0
47.2,0
47.24,0
47.28,0
47.32,0
47.36,0
47.4,0
47.44,0
47.48,0
47.52,0
47.56,0
47.6,0
47.64,0
47.68,0
47.72,0
47.76,0
47.8,0
47.84,0
47.88,0
47.92,0
47.96,0
48,0
48.04,0
48.08,0
48.12,0
48.16,0
48.2,0
48.24,0
48.28,0
48.32,0
48.36,0
48.4,0
48.44,0
48.48,0
48.52,0
48.56,0
48.6,0
48.64,0
48.68,0
48.72,25
48.76,0
48.8,0
48.84,0
48.88,0
48.92,0
48.96,0
49,0
49.04,0
49.08,0
49.12,0
49.16,0
49.2,0
49.24,0
49.28,0
49.32,0
49.36,0
49.4,0
49.44,0
49.48,0
49.52,0
49.56,0
49.6,0
49.64,0
49.68,0
49.72,0
49.76,0
49.8,0
49.84,0
49.88,0
49.92,0
49.96,0
50,0
50.04,0
50.08,0
50.12,0
50.16,0
50.2,0
50.24,0
50.28,0
50.32,0
50.36,0
50.4,0
50.44,0
50.48,0
50.52,0
50.56,0
50.6,0
50.64,0
50.68,0
50.72,0
50.76,0
50.8,25
50.84,25
50.88,0
50.92,0
50.96,0
51,0
51.04,0
51.08,0
51.12,0
51.16,0
51.2,0
51.24,0
51.28,0
51.32,0
51.36,0
51.4,0
51.44,0
51.48,0
51.52,0
51.56,0
51.6,0
51.64,0
51.68,0
51.72,0
51.76,0
51.8,0
51.84,0
51.88,0
51.92,0
51.96,0
52,0
52.04,0
52.08,0
52.12,0
52.16,0
52.2,0
52.24,0
52.28,0
52.32,0
52.36,0
52.4,0
52.44,0
52.48,0
52.52,25
52.56,0
52.6,0
52.64,0
52.68,0
52.72,0
52.76,0
52.8,0
52.84,0
52.88,0
52.92,0
52.96,0
53,0
53.04,0
53.08,0
53.12,0
53.16,0
53.2,0
53.24,0
53.28,0
53.32,0
53.36,0
53.4,0
53.44,0
53.48,0
53.52,0
53.56,0
53.6,0
53.64,0
53.68,0
53.72,0
53.76,0
53.8,0
53.84,0
53.88,0
53.92,0
53.96,0
54,0
54.04,0
54.08,0
54.12,0
54.16,0
54.2,0
54.24,0
54.28,0
54.32,0
54.36,0
54.4,0
54.44,0
54.48,0
54.52,0
54.56,0
54.6,0
54.64,0
54.68,0
54.72,0
54.76,0
54.8,0
54.84,0
54.88,0
54.92,0
54.96,0
55,0
55.04,0
55.08,0
55.12,0
55.16,0
55.2,0
55.24,0
55.28,0
55.32,0
55.36,0
55.4,0
55.44,0
55.48,0
55.52,0
55.56,0
55.6,0
55.64,0
55.68,0
55.72,0
55.76,0
55.8,0
55.84,0
55.88,0
55.92,0
55.96,0
56,0
56.04,0
56.08,0
56.12,0
56.16,0
56.2,0
56.24,0
56.28,0
56.32,0
56.36,25
56.4,0
56.44,0
56.48,0
56.52,0
56.56,0
56.6,0
56.64,0
56.68,25
56.72,0
56.76,0
56.8,0
56.84,0
56.88,0
56.92,0
56.96,0
57,0
57.04,0
57.08,25
57.12,0
57.16,0
57.2,25
57.24,0
57.28,0
57.32,50
57.36,0
57.4,0
57.44,0
57.48,50
57.52,0
57.56,0
57.6,0
57.64,0
57.68,0
57.72,0
57.76,0
57.8,0
57.84,0
57.88,0
57.92,0
57.96,0
58,0
58.04,25
58.08,25
58.12,25
58.16,0
58.2,0
58.24,0
58.28,0
58.32,0
58.36,0
58.4,0
58.44,0
58.48,0
58.52,0
58.56,25
58.6,25
58.64,25
58.68,25
58.72,0
58.76,0
58.8,0
58.84,0
58.88,0
58.92,0
58.96,0
59,0
59.04,0
59.08,0
59.12,0
59.16,0
59.2,0
59.24,0
59.28,25
59.32,0
59.36,0
59.4,0
59.44,0
59.48,0
59.52,0
59.56,25
59.6,25
59.64,0
59.68,50
59.72,0
59.76,25
59.8,0
59.84,25
59.88,25
59.92,0
59.96,25
60,25
60.04,0
60.08,0
60.12,25
60.16,0
60.2,0
60.24,0
60.28,0
60.32,50
60.36,25
60.4,25
60.44,0
60.48,0
60.52,0
60.56,0
60.6,25
60.64,0
60.68,0
60.72,0
60.76,25
60.8,50
60.84,25
60.88,25
60.92,0
60.96,25
61,0
61.04,50
61.08,100
61.12,0
61.16,25
61.2,50
61.24,25
61.28,0
61.32,50
61.36,0
61.4,25
61.44,50
61.48,0
61.52,0
61.56,0
61.6,100
61.64,0
61.68,0
61.72,0
61.76,0
61.8,25
61.84,0
61.88,0
61.92,25
61.96,0
62,25
62.04,0
62.08,0
62.12,0
62.16,0
62.2,25
62.24,50
62.28,25
62.32,25
62.36,25
62.4,0
62.44,0
62.48,0
62.52,0
62.56,0
62.6,25
62.64,0
62.68,0
62.72,0
62.76,0
62.8,0
62.84,0
62.88,0
62.92,0
62.96,25
63,50
63.04,0
63.08,25
63.12,25
63.16,25
63.2,0
63.24,0
63.28,0
63.32,0
63.36,50
63.4,0
63.44,0
63.48,0
63.52,0
63.56,0
63.6,0
63.64,0
63.68,0
63.72,0
63.76,0
63.8,0
63.84,0
63.88,0
63.92,25
63.96,0
64,25
64.04,0
64.08,0
64.12,0
64.16,25
64.2,0
64.24,0
64.28,0
64.32,0
64.36,25
64.4,0
64.44,25
64.48,0
64.52,0
64.56,0
64.6,0
64.64,25
64.68,25
64.72,25
64.76,0
64.8,50
64.84,0
64.88,0
64.92,0
64.96,0
65,25
65.04,0
65.08,0
65.12,0
65.16,0
65.2,25
65.24,0
65.28,0
65.32,0
65.36,0
65.4,0
65.44,0
65.48,0
65.52,25
65.56,0
65.6,0
65.64,0
65.68,0
65.72,25
65.76,0
65.8,0
65.84,0
65.88,0
65.92,25
65.96,25
66,0
66.04,0
66.08,0
66.12,0
66.16,0
66.2,25
66.24,0
66.28,25
66.32,0
66.36,0
66.4,0
66.44,0
66.48,0
66.52,0
66.56,25
66.6,0
66.64,0
66.68,0
66.72,0
66.76,25
66.8,0
66.84,0
66.88,0
66.92,0
66.96,0
67,0
67.04,0
67.08,0
67.12,0
67.16,0
67.2,0
67.24,25
67.28,0
67.32,0
67.36,0
67.4,0
67.44,0
67.48,0
67.52,0
67.56,25
67.6,25
67.64,0
67.68,0
67.72,0
67.76,0
67.8,0
67.84,0
67.88,0
67.92,0
67.96,0
68,0
68.04,0
68.08,0
68.12,0
68.16,0
68.2,0
68.24,0
68.28,0
68.32,0
68.36,0
68.4,0
68.44,0
68.48,0
68.52,0
68.56,0
68.6,0
68.64,25
68.68,0
68.72,0
68.76,25
68.8,0
68.84,0
68.88,0
68.92,0
68.96,0
69,0
69.04,0
69.08,0
69.12,0
69.16,0
69.2,0
69.24,0
69.28,0
69.32,0
69.36,0
69.4,0
69.44,0
69.48,0
69.52,0
69.56,0
69.6,0
69.64,0
69.68,0
69.72,0
69.76,0
69.8,0
69.84,0
69.88,0
69.92,0
69.96,0
70,0
70.04,0
70.08,0
70.12,0
70.16,25
70.2,0
70.24,0
70.28,0
70.32,25
70.36,50
70.4,0
70.44,25
70.48,25
70.52,0
70.56,25
70.6,25
70.64,50
70.68,50
70.72,25
70.76,25
70.8,50
70.84,0
70.88,0
70.92,25
70.96,0
71,25
71.04,50
71.08,50
71.12,25
71.16,0
71.2,50
71.24,0
71.28,25
71.32,75
71.36,100
71.4,0
71.44,100
71.48,25
71.52,75
71.56,50
71.6,25
71.64,50
71.68,75
71.72,50
71.76,25
71.8,75
71.84,100
71.88,50
71.92,50
71.96,25
72,75
72.04,25
72.08,50
72.12,0
72.16,25
72.2,25
72.24,0
72.28,25
72.32,0
72.36,50
72.4,25
72.44,0
72.48,50
72.52,25
72.56,75
72.6,0
72.64,0
72.68,0
72.72,50
72.76,0
72.8,0
72.84,0
72.88,0
72.92,0
72.96,50
73,0
73.04,25
73.08,25
73.12,0
73.16,0
73.2,0
73.24,25
73.28,0
73.32,25
73.36,0
73.4,0
73.44,0
73.48,0
73.52,0
73.56,50
73.6,25
73.64,0
73.68,0
73.72,0
73.76,0
73.8,0
73.84,0
73.88,0
73.92,0
73.96,50
74,0
74.04,0
74.08,25
74.12,25
74.16,50
74.2,50
74.24,0
74.28,0
74.32,25
74.36,25
74.4,0
74.44,25
74.48,0
74.52,0
74.56,0
74.6,0
74.64,50
74.68,0
74.72,0
74.76,50
74.8,0
74.84,50
74.88,0
74.92,0
74.96,0
75,25
75.04,0
75.08,25
75.12,25
75.16,0
75.2,25
75.24,50
75.28,0
75.32,50
75.36,0
75.4,0
75.44,25
75.48,25
75.52,0
75.56,50
75.6,50
75.64,25
75.68,25
75.72,50
75.76,0
75.8,25
75.84,25
75.88,75
75.92,25
75.96,50
76,0
76.04,0
76.08,25
76.12,25
76.16,0
76.2,0
76.24,25
76.28,25
76.32,50
76.36,25
76.4,50
76.44,50
76.48,0
76.52,25
76.56,25
76.6,0
76.64,25
76.68,25
76.72,0
76.76,0
76.8,0
76.84,0
76.88,25
76.92,0
76.96,0
77,50
77.04,50
77.08,25
77.12,0
77.16,0
77.2,25
77.24,25
77.28,0
77.32,25
77.36,50
77.4,0
77.44,0
77.48,0
77.52,25
77.56,0
77.6,25
77.64,75
77.68,25
77.72,50
77.76,0
77.8,25
77.84,0
77.88,75
77.92,50
77.96,50
78,50
78.04,0
78.08,25
78.12,25
78.16,75
78.2,25
78.24,25
78.28,50
78.32,25
78.36,25
78.4,50
78.44,25
78.48,0
78.52,50
78.56,0
78.6,50
78.64,0
78.68,25
78.72,75
78.76,50
78.8,25
78.84,0
78.88,100
78.92,0
78.96,75
79,100
79.04,75
79.08,25
79.12,25
79.16,50
79.2,0
79.24,25
79.28,50
79.32,25
79.36,50
79.4,50
79.44,0
79.48,25
79.52,25
79.56,0
79.6,25
79.64,25
79.68,25
79.72,0
79.76,25
79.8,100
79.84,0
79.88,75
79.92,75
79.96,100
80,25
80.04,75
80.08,125
80.12,25
80.16,50
80.2,50
80.24,75
80.28,0
80.32,25
80.36,50
80.4,50
80.44,0
80.48,50
80.52,25
80.56,25
80.6,75
80.64,25
80.68,75
80.72,50
80.76,50
80.8,0
80.84,0
80.88,75
80.92,100
80.96,25
81,25
81.04,100
81.08,50
81.12,25
81.16,50
81.2,100
81.24,0
81.28,25
81.32,50
81.36,50
81.4,25
81.44,25
81.48,0
81.52,25
81.56,25
81.6,75
81.64,100
81.68,75
81.72,25
81.76,100
81.8,50
81.84,50
81.88,50
81.92,25
81.96,50
82,75
82.04,50
82.08,75
82.12,50
82.16,25
82.2,0
82.24,25
82.28,100
82.32,125
82.36,50
82.4,50
82.44,100
82.48,100
82.52,100
82.56,125
82.6,50
82.64,100
82.68,25
82.72,50
82.76,0
82.8,50
82.84,50
82.88,125
82.92,50
82.96,50
83,0
83.04,25
83.08,25
83.12,75
83.16,0
83.2,0
83.24,75
83.28,50
83.32,50
83.36,100
83.4,75
83.44,25
83.48,50
83.52,50
83.56,50
83.6,25
83.64,25
83.68,75
83.72,25
83.76,25
83.8,0
83.84,0
83.88,75
83.92,0
83.96,25
84,0
84.04,75
84.08,50
84.12,0
84.16,50
84.2,50
84.24,25
84.28,25
84.32,50
84.36,50
84.4,0
84.44,25
84.48,25
84.52,50
84.56,25
84.6,50
84.64,0
84.68,125
84.72,25
84.76,0
84.8,0
84.84,25
84.88,0
84.92,25
84.96,75
85,25
85.04,0
85.08,50
85.12,50
85.16,25
85.2,50
85.24,50
85.28,0
85.32,50
85.36,100
85.4,100
85.44,75
85.48,100
85.52,0
85.56,50
85.6,0
85.64,75
85.68,150
85.72,50
85.76,50
85.8,75
85.84,25
85.88,50
85.92,0
85.96,50
86,0
86.04,100
86.08,0
86.12,150
86.16,125
86.2,75
86.24,50
86.28,75
86.32,125
86.36,75
86.4,75
86.44,50
86.48,175
86.52,100
86.56,25
86.6,25
86.64,0
86.68,50
86.72,100
86.76,50
86.8,75
86.84,50
86.88,25
86.92,75
86.96,25
87,25
87.04,25
87.08,75
87.12,25
87.16,100
87.2,50
87.24,75
87.28,0
87.32,25
87.36,50
87.4,50
87.44,50
87.48,25
87.52,0
87.56,50
87.6,25
87.64,50
87.68,125
87.72,75
87.76,50
87.8,25
87.84,25
87.88,50
87.92,25
87.96,25
88,25
88.04,25
88.08,25
88.12,50
88.16,75
88.2,50
88.24,50
88.28,25
88.32,0
88.36,75
88.4,75
88.44,0
88.48,50
88.52,100
88.56,25
88.6,50
88.64,0
88.68,0
88.72,25
88.76,50
88.8,50
88.84,125
88.88,25
88.92,75
88.96,100
89,0
89.04,75
89.08,75
89.12,50
89.16,125
89.2,75
89.24,0
89.28,75
89.32,25
89.36,25
89.4,150
89.44,125
89.48,25
89.52,25
89.56,50
89.6,25
89.64,50
89.68,100
89.72,25
89.76,75
89.8,25
89.84,50
89.88,50
89.92,50
89.96,0
90,75
90.04,25
90.08,50
90.12,0
90.16,75
90.2,50
90.24,25
90.28,75
90.32,25
90.36,0
90.4,75
90.44,100
90.48,100
90.52,25
90.56,50
90.6,25
90.64,25
90.68,0
90.72,25
90.76,0
90.8,25
90.84,0
90.88,0
90.92,0
90.96,0
91,0
91.04,0
91.08,0
91.12,0
91.16,25
91.2,0
91.24,0
91.28,0
91.32,0
91.36,25
91.4,0
91.44,50
91.48,0
91.52,75
91.56,50
91.6,50
91.64,25
91.68,50
91.72,50
91.76,75
91.8,75
91.84,50
91.88,125
91.92,25
91.96,50
92,25
92.04,25
92.08,25
92.12,25
92.16,25
92.2,50
92.24,25
92.28,0
92.32,0
92.36,25
92.4,25
92.44,50
92.48,25
92.52,0
92.56,50
92.6,0
92.64,25
92.68,50
92.72,75
92.76,25
92.8,25
92.84,0
92.88,50
92.92,50
92.96,0
93,75
93.04,50
93.08,50
93.12,25
93.16,100
93.2,100
93.24,50
93.28,100
93.32,50
93.36,75
93.4,75
93.44,25
93.48,50
93.52,25
93.56,100
93.6,75
93.64,175
93.68,50
93.72,50
93.76,125
93.8,200
93.84,75
93.88,50
93.92,75
93.96,25
94,175
94.04,50
94.08,50
94.12,175
94.16,75
94.2,100
94.24,125
94.28,75
94.32,150
94.36,125
94.4,100
94.44,75
94.48,100
94.52,125
94.56,0
94.6,100
94.64,150
94.68,100
94.72,75
94.76,75
94.8,125
94.84,100
94.88,50
94.92,75
94.96,25
95,25
95.04,25
95.08,25
95.12,25
95.16,25
95.2,50
95.24,100
95.28,75
95.32,75
95.36,100
95.4,25
95.44,25
95.48,50
95.52,75
95.56,50
95.6,150
95.64,50
95.68,50
95.72,25
95.76,50
95.8,0
95.84,25
95.88,50
95.92,25
95.96,50
96,0
96.04,75
96.08,25
96.12,50
96.16,50
96.2,150
96.24,50
96.28,25
96.32,75
96.36,25
96.4,25
96.44,150
96.48,25
96.52,175
96.56,75
96.6,0
96.64,0
96.68,25
96.72,50
96.76,75
96.8,75
96.84,25
96.88,75
96.92,75
96.96,25
97,0
97.04,75
97.08,0
97.12,25
97.16,50
97.2,75
97.24,0
97.28,25
97.32,0
97.36,50
97.4,25
97.44,25
97.48,50
97.52,0
97.56,0
97.6,50
97.64,25
97.68,50
97.72,25
97.76,25
97.8,50
97.84,25
97.88,25
97.92,25
97.96,0
98,0
98.04,75
98.08,25
98.12,25
98.16,25
98.2,50
98.24,0
98.28,0
98.32,0
98.36,25
98.4,50
98.44,25
98.48,75
98.52,125
98.56,0
98.6,25
98.64,0
98.68,75
98.72,25
98.76,75
98.8,25
98.84,50
98.88,25
98.92,25
98.96,50
99,0
99.04,0
99.08,25
99.12,25
99.16,50
99.2,50
99.24,0
99.28,50
99.32,50
99.36,25
99.4,75
99.44,25
99.48,25
99.52,25
99.56,75
99.6,125
99.64,75
99.68,75
99.72,100
99.76,25
99.8,50
99.84,75
99.88,75
99.92,75
99.96,25
100,125
100.04,175
100.08,100
100.12,150
100.16,75
100.2,25
100.24,75
100.28,100
100.32,175
100.36,50
100.4,0
100.44,100
100.48,50
100.52,50
100.56,75
100.6,25
100.64,25
100.68,25
100.72,150
100.76,25
100.8,25
100.84,125
100.88,75
100.92,50
100.96,25
101,125
101.04,100
101.08,175
101.12,25
101.16,50
101.2,50
101.24,50
101.28,0
101.32,50
101.36,25
101.4,25
101.44,125
101.48,25
101.52,25
101.56,75
101.6,25
101.64,100
101.68,25
101.72,0
101.76,0
101.8,25
101.84,0
101.88,75
101.92,25
101.96,50
102,50
102.04,0
102.08,50
102.12,0
102.16,0
102.2,75
102.24,0
102.28,0
102.32,50
102.36,0
102.4,25
102.44,0
102.48,50
102.52,0
102.56,0
102.6,0
102.64,25
102.68,0
102.72,0
102.76,25
102.8,0
102.84,50
102.88,0
102.92,25
102.96,25
103,0
103.04,0
103.08,25
103.12,0
103.16,0
103.2,0
103.24,25
103.28,50
103.32,0
103.36,50
103.4,0
103.44,25
103.48,0
103.52,50
103.56,0
103.6,25
103.64,25
103.68,0
103.72,0
103.76,0
103.8,25
103.84,25
103.88,0
103.92,0
103.96,50
104,25
104.04,0
104.08,25
104.12,25
104.16,50
104.2,0
104.24,50
104.28,0
104.32,0
104.36,25
104.4,0
104.44,0
104.48,75
104.52,25
104.56,50
104.6,0
104.64,25
104.68,0
104.72,50
104.76,0
104.8,25
104.84,0
104.88,50
104.92,100
104.96,50
105,25
105.04,25
105.08,25
105.12,50
105.16,0
105.2,0
105.24,50
105.28,25
105.32,0
105.36,50
105.4,0
105.44,50
105.48,25
105.52,25
105.56,50
105.6,75
105.64,25
105.68,0
105.72,0
105.76,0
105.8,50
105.84,25
105.88,0
105.92,25
105.96,50
106,25
106.04,75
106.08,0
106.12,25
106.16,0
106.2,0
106.24,25
106.28,25
106.32,0
106.36,25
106.4,0
106.44,0
106.48,0
106.52,75
106.56,25
106.6,0
106.64,0
106.68,75
106.72,0
106.76,50
106.8,25
106.84,25
106.88,25
106.92,0
106.96,50
107,50
107.04,50
107.08,75
107.12,50
107.16,50
107.2,75
107.24,50
107.28,125
107.32,0
107.36,50
107.4,50
107.44,75
107.48,25
107.52,50
107.56,75
107.6,50
107.64,25
107.68,75
107.72,100
107.76,25
107.8,125
107.84,100
107.88,50
107.92,25
107.96,25
108,150
108.04,50
108.08,100
108.12,125
108.16,75
108.2,100
108.24,75
108.28,75
108.32,100
108.36,25
108.4,50
108.44,0
108.48,75
108.52,25
108.56,0
108.6,25
108.64,75
108.68,25
108.72,50
108.76,0
108.8,25
108.84,200
108.88,50
108.92,0
108.96,75
109,75
109.04,50
109.08,0
109.12,50
109.16,50
109.2,25
109.24,25
109.28,50
109.32,0
109.36,0
109.4,25
109.44,75
109.48,0
109.52,25
109.56,25
109.6,0
109.64,50
109.68,75
109.72,25
109.76,50
109.8,25
109.84,0
109.88,50
109.92,25
109.96,50
110,25
110.04,50
110.08,50
110.12,0
110.16,50
110.2,50
110.24,75
110.28,225
110.32,50
110.36,25
110.4,0
110.44,25
110.48,125
110.52,75
110.56,50
110.6,75
110.64,50
110.68,0
110.72,75
110.76,75
110.8,25
110.84,25
110.88,75
110.92,75
110.96,25
111,50
111.04,50
111.08,0
111.12,0
111.16,100
111.2,25
111.24,25
111.28,100
111.32,0
111.36,75
111.4,50
111.44,75
111.48,125
111.52,25
111.56,25
111.6,125
111.64,50
111.68,75
111.72,25
111.76,25
111.8,25
111.84,100
111.88,125
111.92,50
111.96,125
112,50
112.04,50
112.08,25
112.12,100
112.16,25
112.2,25
112.24,0
112.28,25
112.32,0
112.36,50
112.4,0
112.44,50
112.48,0
112.52,125
112.56,50
112.6,75
112.64,100
112.68,50
112.72,50
112.76,25
112.8,125
112.84,75
112.88,50
112.92,75
112.96,0
113,50
113.04,0
113.08,0
113.12,0
113.16,100
113.2,75
113.24,50
113.28,0
113.32,25
113.36,75
113.4,25
113.44,25
113.48,0
113.52,25
113.56,25
113.6,25
113.64,25
113.68,0
113.72,25
113.76,50
113.8,0
113.84,0
113.88,0
113.92,0
113.96,50
114,25
114.04,25
114.08,0
114.12,75
114.16,0
114.2,50
114.24,0
114.28,0
114.32,0
114.36,25
114.4,25
114.44,0
114.48,50
114.52,25
114.56,0
114.6,0
114.64,50
114.68,0
114.72,75
114.76,25
114.8,25
114.84,25
114.88,50
114.92,50
114.96,50
115,25
115.04,25
115.08,50
115.12,50
115.16,75
115.2,0
115.24,0
115.28,0
115.32,25
115.36,0
115.4,0
115.44,0
115.48,25
115.52,25
115.56,0
115.6,0
115.64,25
115.68,0
115.72,0
115.76,0
115.8,0
115.84,25
115.88,0
115.92,0
115.96,50
116,50
116.04,0
116.08,0
116.12,0
116.16,0
116.2,25
116.24,0
116.28,0
116.32,75
116.36,25
116.4,0
116.44,0
116.48,0
116.52,0
116.56,0
116.6,50
116.64,0
116.68,0
116.72,0
116.76,0
116.8,0
116.84,50
116.88,0
116.92,50
116.96,0
117,0
117.04,25
117.08,0
117.12,0
117.16,0
117.2,0
117.24,0
117.28,0
117.32,0
117.36,0
117.4,25
117.44,0
117.48,0
117.52,0
117.56,25
117.6,0
117.64,0
117.68,0
117.72,25
117.76,0
117.8,0
117.84,0
117.88,25
117.92,0
117.96,25
118,25
118.04,0
118.08,0
118.12,25
118.16,0
118.2,25
118.24,25
118.28,0
118.32,0
118.36,25
118.4,0
118.44,0
118.48,0
118.52,0
118.56,25
118.6,0
118.64,0
118.68,0
118.72,0
118.76,0
118.8,25
118.84,0
118.88,0
118.92,0
118.96,0
119,0
119.04,0
119.08,0
119.12,50
119.16,0
119.2,0
119.24,25
119.28,0
119.32,0
119.36,0
119.4,25
119.44,0
119.48,0
119.52,0
119.56,0
119.6,25
119.64,25
119.68,25
119.72,0
119.76,0
119.8,0
119.84,0
119.88,0
119.92,25
119.96,0
120,50
120.04,0
120.08,0
120.12,0
120.16,0
120.2,0
120.24,0
120.28,0
120.32,0
120.36,0
120.4,25
120.44,0
120.48,0
120.52,0
120.56,0
120.6,0
120.64,0
120.68,0
120.72,0
120.76,25
120.8,0
120.84,0
120.88,0
120.92,25
120.96,0
121,0
121.04,0
121.08,0
121.12,25
121.16,0
121.2,0
121.24,0
121.28,0
121.32,25
121.36,0
121.4,0
121.44,0
121.48,0
121.52,0
121.56,0
121.6,0
121.64,0
121.68,0
121.72,0
121.76,0
121.8,0
121.84,0
121.88,0
121.92,0
121.96,0
122,0
122.04,0
122.08,0
122.12,0
122.16,0
122.2,0
122.24,0
122.28,0
122.32,0
122.36,0
122.4,0
122.44,0
122.48,0
122.52,0
122.56,0
122.6,0
122.64,0
122.68,0
122.72,25
122.76,0
122.8,0
122.84,0
122.88,0
122.92,0
122.96,0
123,0
123.04,0
123.08,0
123.12,0
123.16,0
123.2,0
123.24,0
123.28,0
123.32,0
123.36,0
123.4,0
123.44,0
123.48,0
123.52,0
123.56,0
123.6,0
123.64,0
123.68,0
123.72,0
123.76,0
123.8,0
123.84,0
123.88,0
123.92,0
123.96,0
124,0
124.04,0
124.08,0
124.12,0
124.16,0
124.2,0
124.24,0
124.28,0
124.32,0
124.36,0
124.4,0
124.44,0
124.48,0
124.52,0
124.56,0
124.6,0
124.64,0
124.68,0
124.72,0
124.76,0
124.8,0
124.84,0
124.88,0
124.92,0
124.96,0
125,0
125.04,0
125.08,0
125.12,0
125.16,0
125.2,0
125.24,0
125.28,0
125.32,0
125.36,0
125.4,0
125.44,0
125.48,0
125.52,0
125.56,0
125.6,0
125.64,0
125.68,0
125.72,0
125.76,0
125.8,0
125.84,0
125.88,0
125.92,0
125.96,0
126,0
126.04,0
126.08,0
126.12,0
126.16,0
126.2,0
126.24,0
126.28,0
126.32,0
126.36,0
126.4,0
126.44,0
126.48,0
126.52,0
126.56,0
126.6,0
126.64,0
126.68,0
126.72,0
126.76,0
126.8,0
126.84,0
126.88,0
126.92,0
126.96,0
127,0
127.04,0
127.08,0
127.12,0
127.16,0
127.2,0
127.24,0
127.28,0
127.32,0
127.36,0
127.4,0
127.44,0
127.48,0
127.52,0
127.56,0
127.6,0
127.64,0
127.68,0
127.72,0
127.76,0
127.8,0
127.84,0
127.88,0
127.92,0
127.96,0
128,0
128.04,0
128.08,0
128.12,0
128.16,0
128.2,0
128.24,0
128.28,0
128.32,0
128.36,0
128.4,0
128.44,0
128.48,0
128.52,0
128.56,0
128.6,0
128.64,0
128.68,0
128.72,0
128.76,0
128.8,0
128.84,0
128.88,0
128.92,0
128.96,0
129,0
129.04,0
129.08,0
129.12,0
129.16,0
129.2,0
129.24,0
129.28,0
129.32,0
129.36,0
129.4,0
129.44,0
129.48,0
129.52,0
129.56,0
129.6,0
129.64,0
129.68,0
129.72,0
129.76,0
129.8,0
129.84,0
129.88,0
129.92,0
129.96,0
130,0
130.04,0
130.08,0
130.12,0
130.16,0
130.2,0
130.24,0
130.28,0
130.32,0
130.36,0
130.4,0
130.44,0
130.48,0
130.52,0
130.56,0
130.6,0
130.64,0
130.68,0
130.72,0
130.76,0
130.8,0
130.84,0
130.88,0
130.92,0
130.96,0
131,0
131.04,0
131.08,0
131.12,0
131.16,0
131.2,0
131.24,0
131.28,0
131.32,0
131.36,0
131.4,0
131.44,0
131.48,0
131.52,0
131.56,0
131.6,0
131.64,0
131.68,0
131.72,0
131.76,0
131.8,0
131.84,0
131.88,0
131.92,0
131.96,0
132,0
132.04,0
132.08,0
132.12,0
132.16,0
132.2,0
132.24,0
132.28,0
132.32,0
132.36,0
132.4,0
132.44,0
132.48,0
132.52,0
132.56,0
132.6,0
132.64,0
132.68,0
132.72,0
132.76,0
132.8,0
132.84,0
132.88,0
132.92,0
132.96,0
133,0
133.04,0
133.08,0
133.12,0
133.16,0
133.2,0
133.24,0
133.28,0
133.32,0
133.36,0
133.4,0
133.44,0
133.48,0
133.52,0
133.56,0
133.6,0
133.64,0
133.68,0
133.72,0
133.76,0
133.8,0
133.84,0
133.88,0
133.92,0
133.96,0
134,0
134.04,0
134.08,0
134.12,0
134.16,0
134.2,0
134.24,0
134.28,0
134.32,0
134.36,0
134.4,0
134.44,0
134.48,0
134.52,0
134.56,0
134.6,0
134.64,0
134.68,0
134.72,25
134.76,0
134.8,0
134.84,0
134.88,0
134.92,0
134.96,0
135,0
135.04,0
135.08,0
135.12,0
135.16,0
135.2,0
135.24,0
135.28,0
135.32,0
135.36,0
135.4,0
135.44,0
135.48,0
135.52,0
135.56,0
135.6,0
135.64,0
135.68,0
135.72,0
135.76,0
135.8,0
135.84,0
135.88,0
135.92,0
135.96,0
136,0
136.04,0
136.08,0
136.12,0
136.16,25
136.2,0
136.24,0
136.28,0
136.32,0
136.36,0
136.4,25
136.44,0
136.48,0
136.52,0
136.56,0
136.6,0
136.64,0
136.68,0
136.72,0
136.76,0
136.8,0
136.84,0
136.88,0
136.92,0
136.96,25
137,0
137.04,0
137.08,0
137.12,0
137.16,0
137.2,0
137.24,0
137.28,0
137.32,25
137.36,0
137.4,50
137.44,0
137.48,0
137.52,0
137.56,0
137.6,0
137.64,0
137.68,0
137.72,25
137.76,0
137.8,0
137.84,25
137.88,0
137.92,0
137.96,0
138,0
138.04,0
138.08,0
138.12,0
138.16,0
138.2,0
138.24,0
138.28,0
138.32,0
138.36,0
138.4,0
138.44,0
138.48,0
138.52,0
138.56,25
138.6,0
138.64,25
138.68,0
138.72,0
138.76,0
138.8,0
138.84,0
138.88,0
138.92,0
138.96,0
139,0
139.04,0
139.08,0
139.12,0
139.16,0
139.2,0
139.24,0
139.28,0
139.32,25
139.36,0
139.4,25
139.44,0
139.48,0
139.52,0
139.56,0
139.6,0
139.64,0
139.68,0
139.72,0
139.76,0
139.8,0
139.84,0
139.88,0
139.92,0
139.96,0
140,0
140.04,0
140.08,0
140.12,25
140.16,0
140.2,0
140.24,0
140.28,0
140.32,0
140.36,0
140.4,25
140.44,0
140.48,0
140.52,0
140.56,0
140.6,0
140.64,0
140.68,0
140.72,0
140.76,0
140.8,0
140.84,0
140.88,0
140.92,0
140.96,0
141,0
141.04,0
141.08,0
141.12,0
141.16,0
141.2,0
141.24,0
141.28,0
141.32,0
141.36,0
141.4,0
141.44,0
141.48,0
141.52,0
141.56,0
141.6,0
141.64,0
141.68,0
141.72,0
141.76,0
141.8,0
141.84,0
141.88,0
141.92,0
141.96,0
142,0
142.04,0
142.08,0
142.12,0
142.16,0
142.2,50
142.24,0
142.28,0
142.32,0
142.36,0
142.4,25
142.44,0
142.48,0
142.52,0
142.56,0
142.6,0
142.64,50
142.68,25
142.72,0
142.76,0
142.8,0
142.84,0
142.88,0
142.92,0
142.96,0
143,0
143.04,0
143.08,0
143.12,0
143.16,0
143.2,0
143.24,0
143.28,0
143.32,0
143.36,25
143.4,25
143.44,25
143.48,0
143.52,0
143.56,0
143.6,0
143.64,0
143.68,0
143.72,25
143.76,0
143.8,0
143.84,0
143.88,0
143.92,0
143.96,0
144,0
144.04,0
144.08,0
144.12,0
144.16,0
144.2,0
144.24,0
144.28,0
144.32,0
144.36,0
144.4,25
144.44,25
144.48,0
144.52,0
144.56,0
144.6,0
144.64,0
144.68,0
144.72,0
144.76,0
144.8,0
144.84,0
144.88,0
144.92,0
144.96,0
145,25
145.04,0
145.08,0
145.12,25
145.16,0
145.2,0
145.24,0
145.28,0
145.32,0
145.36,0
145.4,25
145.44,0
145.48,0
145.52,0
145.56,0
145.6,0
145.64,0
145.68,0
145.72,50
145.76,0
145.8,0
145.84,0
145.88,50
145.92,75
145.96,0
146,0
146.04,25
146.08,25
146.12,0
146.16,0
146.2,0
146.24,0
146.28,0
146.32,0
146.36,0
146.4,0
146.44,0
146.48,0
146.52,0
146.56,0
146.6,0
146.64,0
146.68,0
146.72,0
146.76,0
146.8,0
146.84,0
146.88,25
146.92,0
146.96,0
147,0
147.04,0
147.08,0
147.12,0
147.16,0
147.2,25
147.24,0
147.28,0
147.32,0
147.36,0
147.4,0
147.44,25
147.48,50
147.52,0
147.56,0
147.6,0
147.64,0
147.68,25
147.72,25
147.76,0
147.8,0
147.84,0
147.88,0
147.92,0
147.96,0
148,0
148.04,0
148.08,25
148.12,50
148.16,0
148.2,0
148.24,0
148.28,0
148.32,0
148.36,25
148.4,0
148.44,0
148.48,25
148.52,0
148.56,50
148.6,0
148.64,0
148.68,25
148.72,25
148.76,0
148.8,0
148.84,0
148.88,0
148.92,0
148.96,0
149,50
149.04,0
149.08,0
149.12,0
149.16,0
149.2,0
149.24,0
149.28,25
149.32,0
149.36,0
149.4,0
149.44,0
149.48,0
149.52,25
149.56,0
149.6,25
149.64,0
149.68,25
149.72,0
149.76,0
149.8,25
149.84,0
149.88,0
149.92,25
149.96,0
150,0
150.04,0
150.08,25
150.12,0
150.16,25
150.2,0
150.24,25
150.28,25
150.32,0
150.36,25
150.4,50
150.44,25
150.48,25
150.52,0
150.56,25
150.6,25
150.64,50
150.68,25
150.72,0
150.76,25
150.8,75
150.84,0
150.88,25
150.92,25
150.96,100
151,50
151.04,0
151.08,0
151.12,0
151.16,25
151.2,0
151.24,25
151.28,50
151.32,25
151.36,50
151.4,100
151.44,0
151.48,25
151.52,0
151.56,50
151.6,0
151.64,25
151.68,75
151.72,100
151.76,0
151.8,25
151.84,75
151.88,0
151.92,50
151.96,25
152,25
152.04,25
152.08,25
152.12,0
152.16,75
152.2,0
152.24,0
152.28,50
152.32,25
152.36,0
152.4,25
152.44,75
152.48,0
152.52,25
152.56,25
152.6,50
152.64,25
152.68,100
152.72,50
152.76,75
152.8,50
152.84,50
152.88,50
152.92,50
152.96,25
153,25
153.04,50
153.08,0
153.12,50
153.16,25
153.2,0
153.24,25
153.28,0
153.32,25
153.36,75
153.4,0
153.44,50
153.48,0
153.52,25
153.56,0
153.6,0
153.64,25
153.68,25
153.72,75
153.76,0
153.8,25
153.84,25
153.88,50
153.92,0
153.96,150
154,50
154.04,125
154.08,50
154.12,25
154.16,75
154.2,75
154.24,150
154.28,100
154.32,100
154.36,125
154.4,75
154.44,75
154.48,50
154.52,25
154.56,150
154.6,50
154.64,175
154.68,25
154.72,0
154.76,50
154.8,75
154.84,75
154.88,100
154.92,175
154.96,75
155,0
155.04,25
155.08,25
155.12,100
155.16,25
155.2,75
155.24,75
155.28,125
155.32,25
155.36,75
155.4,100
155.44,0
155.48,100
155.52,50
155.56,75
155.6,100
155.64,50
155.68,100
155.72,100
155.76,50
155.8,25
155.84,150
155.88,75
155.92,50
155.96,75
156,100
156.04,100
156.08,50
156.12,75
156.16,50
156.2,25
156.24,100
156.28,25
156.32,75
156.36,125
156.4,125
156.44,25
156.48,75
156.52,25
156.56,75
156.6,50
156.64,50
156.68,75
156.72,50
156.76,75
156.8,50
156.84,75
156.88,75
156.92,50
156.96,75
157,100
157.04,75
157.08,50
157.12,75
157.16,100
157.2,0
157.24,75
157.28,75
157.32,100
157.36,25
157.4,75
157.44,75
157.48,50
157.52,25
157.56,75
157.6,25
157.64,25
157.68,75
157.72,75
157.76,25
157.8,25
157.84,50
157.88,100
157.92,50
157.96,75
158,25
158.04,75
158.08,50
158.12,125
158.16,50
158.2,75
158.24,25
158.28,50
158.32,25
158.36,150
158.4,75
158.44,50
158.48,50
158.52,100
158.56,50
158.6,75
158.64,50
158.68,25
158.72,100
158.76,100
158.8,50
158.84,0
158.88,25
158.92,50
158.96,50
159,25
159.04,25
159.08,0
159.12,75
159.16,25
159.2,100
159.24,25
159.28,100
159.32,50
159.36,50
159.4,75
159.44,0
159.48,100
159.52,50
159.56,25
159.6,50
159.64,75
159.68,50
159.72,0
159.76,0
159.8,25
159.84,0
159.88,75
159.92,25
159.96,25
160,0
160.04,50
160.08,75
160.12,25
160.16,25
160.2,0
160.24,25
160.28,0
160.32,25
160.36,0
160.4,25
160.44,25
160.48,75
160.52,25
160.56,0
160.6,25
160.64,75
160.68,25
160.72,0
160.76,75
160.8,0
160.84,0
160.88,0
160.92,75
160.96,75
161,0
161.04,50
161.08,25
161.12,25
161.16,0
161.2,25
161.24,25
161.28,0
161.32,0
161.36,0
161.4,0
161.44,0
161.48,25
161.52,50
161.56,25
161.6,0
161.64,0
161.68,0
161.72,50
161.76,0
161.8,25
161.84,0
161.88,25
161.92,50
161.96,0
162,25
162.04,25
162.08,75
162.12,25
162.16,0
162.2,25
162.24,0
162.28,25
162.32,25
162.36,50
162.4,0
162.44,25
162.48,25
162.52,0
162.56,75
162.6,25
162.64,0
162.68,25
162.72,0
162.76,0
162.8,0
162.84,25
162.88,25
162.92,0
162.96,0
163,75
163.04,0
163.08,25
163.12,50
163.16,25
163.2,25
163.24,50
163.28,0
163.32,0
163.36,25
163.4,0
163.44,0
163.48,0
163.52,25
163.56,25
163.6,0
163.64,25
163.68,0
163.72,25
163.76,25
163.8,0
163.84,25
163.88,25
163.92,0
163.96,0
164,0
164.04,0
164.08,0
164.12,0
164.16,0
164.2,0
164.24,0
164.28,0
164.32,25
164.36,0
164.4,25
164.44,25
164.48,25
164.52,0
164.56,0
164.6,0
164.64,0
164.68,0
164.72,25
164.76,25
164.8,75
164.84,25
164.88,50
164.92,50
164.96,125
165,100
165.04,100
165.08,0
165.12,100
165.16,100
165.2,25
165.24,50
165.28,25
165.32,75
165.36,0
165.4,25
165.44,75
165.48,75
165.52,25
165.56,25
165.6,50
165.64,75
165.68,125
165.72,25
165.76,25
165.8,25
165.84,0
165.88,50
165.92,25
165.96,25
166,25
166.04,25
166.08,125
166.12,50
166.16,0
166.2,50
166.24,50
166.28,25
166.32,25
166.36,75
166.4,50
166.44,25
166.48,25
166.52,0
166.56,0
166.6,50
166.64,50
166.68,75
166.72,75
166.76,75
166.8,25
166.84,50
166.88,75
166.92,25
166.96,75
167,50
167.04,25
167.08,25
167.12,50
167.16,0
167.2,50
167.24,50
167.28,125
167.32,75
167.36,75
167.4,75
167.44,50
167.48,25
167.52,25
167.56,50
167.6,75
167.64,75
167.68,0
167.72,25
167.76,0
167.8,0
167.84,0
167.88,50
167.92,50
167.96,25
168,0
168.04,0
168.08,0
168.12,25
168.16,0
168.2,0
168.24,50
168.28,50
168.32,0
168.36,25
168.4,0
168.44,50
168.48,25
168.52,50
168.56,25
168.6,0
168.64,25
168.68,25
168.72,25
168.76,0
168.8,0
168.84,75
168.88,75
168.92,50
168.96,50
169,25
169.04,0
169.08,0
169.12,0
169.16,25
169.2,0
169.24,75
169.28,25
169.32,0
169.36,0
169.4,0
169.44,0
169.48,0
169.52,0
169.56,25
169.6,0
169.64,0
169.68,25
169.72,50
169.76,0
169.8,0
169.84,0
169.88,0
169.92,0
169.96,0
170,75
170.04,50
170.08,0
170.12,0
170.16,25
170.2,0
170.24,0
170.28,0
170.32,0
170.36,0
170.4,25
170.44,0
170.48,0
170.52,0
170.56,25
170.6,0
170.64,0
170.68,0
170.72,0
170.76,0
170.8,0
170.84,25
170.88,25
170.92,25
170.96,0
171,0
171.04,0
171.08,0
171.12,0
171.16,25
171.2,0
171.24,0
171.28,25
171.32,50
171.36,0
171.4,0
171.44,0
171.48,25
171.52,25
171.56,0
171.6,0
171.64,25
171.68,25
171.72,75
171.76,0
171.8,25
171.84,0
171.88,0
171.92,0
171.96,25
172,0
172.04,0
172.08,0
172.12,25
172.16,0
172.2,50
172.24,0
172.28,0
172.32,25
172.36,25
172.4,0
172.44,25
172.48,50
172.52,25
172.56,25
172.6,25
172.64,0
172.68,25
172.72,0
172.76,25
172.8,0
172.84,50
172.88,25
172.92,0
172.96,0
173,25
173.04,0
173.08,50
173.12,0
173.16,0
173.2,0
173.24,0
173.28,0
173.32,25
173.36,0
173.4,25
173.44,0
173.48,0
173.52,25
173.56,25
173.6,25
173.64,0
173.68,0
173.72,0
173.76,0
173.8,0
173.84,0
173.88,0
173.92,0
173.96,0
174,0
174.04,0
174.08,0
174.12,0
174.16,25
174.2,0
174.24,25
174.28,0
174.32,0
174.36,25
174.4,0
174.44,0
174.48,25
174.52,0
174.56,25
174.6,0
174.64,0
174.68,0
174.72,0
174.76,0
174.8,0
174.84,0
174.88,0
174.92,0
174.96,0
175,0
175.04,0
175.08,0
175.12,0
175.16,0
175.2,0
175.24,0
175.28,0
175.32,50
175.36,0
175.4,0
175.44,0
175.48,0
175.52,0
175.56,0
175.6,0
175.64,25
175.68,0
175.72,0
175.76,0
175.8,0
175.84,0
175.88,0
175.92,0
175.96,0
176,0
176.04,0
176.08,0
176.12,0
176.16,0
176.2,0
176.24,0
176.28,25
176.32,25
176.36,0
176.4,0
176.44,0
176.48,0
176.52,0
176.56,0
176.6,0
176.64,0
176.68,0
176.72,0
176.76,0
176.8,0
176.84,0
176.88,0
176.92,0
176.96,0
177,0
177.04,0
177.08,0
177.12,0
177.16,0
177.2,0
177.24,0
177.28,0
177.32,0
177.36,0
177.4,0
177.44,0
177.48,0
177.52,0
177.56,0
177.6,0
177.64,0
177.68,0
177.72,0
177.76,25
177.8,0
177.84,0
177.88,0
177.92,0
177.96,0
178,0
178.04,0
178.08,0
178.12,0
178.16,0
178.2,0
178.24,0
178.28,0
178.32,0
178.36,0
178.4,0
178.44,0
178.48,0
178.52,25
178.56,0
178.6,25
178.64,0
178.68,0
178.72,0
178.76,0
178.8,25
178.84,0
178.88,0
178.92,0
178.96,0
179,0
179.04,0
179.08,0
179.12,25
179.16,0
179.2,0
179.24,0
179.28,0
179.32,0
179.36,0
179.4,0
179.44,25
179.48,0
179.52,0
179.56,0
179.6,0
179.64,0
179.68,25
179.72,0
179.76,0
179.8,0
179.84,0
179.88,0
179.92,0
179.96,25
180,0
180.04,0
180.08,0
180.12,0
180.16,25
180.2,0
180.24,0
180.28,0
180.32,0
180.36,0
180.4,0
180.44,0
180.48,0
180.52,0
180.56,0
180.6,0
180.64,0
180.68,0
180.72,0
180.76,0
180.8,0
180.84,0
180.88,0
180.92,25
180.96,0
181,0
181.04,0
181.08,0
181.12,0
181.16,0
181.2,0
181.24,0
181.28,0
181.32,0
181.36,0
181.4,0
181.44,0
181.48,0
181.52,0
181.56,0
181.6,0
181.64,0
181.68,0
181.72,0
181.76,0
181.8,0
181.84,0
181.88,0
181.92,0
181.96,0
182,0
182.04,0
182.08,0
182.12,0
182.16,0
182.2,0
182.24,0
182.28,0
182.32,0
182.36,0
182.4,0
182.44,0
182.48,0
182.52,0
182.56,0
182.6,0
182.64,0
182.68,0
182.72,0
182.76,0
182.8,25
182.84,0
182.88,0
182.92,0
182.96,0
183,25
183.04,0
183.08,0
183.12,25
183.16,0
183.2,0
183.24,0
183.28,0
183.32,25
183.36,0
183.4,0
183.44,0
183.48,0
183.52,0
183.56,0
183.6,0
183.64,0
183.68,0
183.72,50
183.76,0
183.8,0
183.84,0
183.88,0
183.92,0
183.96,0
184,0
184.04,50
184.08,0
184.12,0
184.16,0
184.2,0
184.24,0
184.28,0
184.32,25
184.36,25
184.4,0
184.44,0
184.48,25
184.52,0
184.56,0
184.6,0
184.64,0
184.68,0
184.72,0
184.76,25
184.8,0
184.84,0
184.88,0
184.92,0
184.96,25
185,25
185.04,0
185.08,50
185.12,0
185.16,0
185.2,0
185.24,0
185.28,0
185.32,0
185.36,0
185.4,25
185.44,0
185.48,25
185.52,0
185.56,25
185.6,25
185.64,0
185.68,25
185.72,0
185.76,25
185.8,0
185.84,50
185.88,0
185.92,0
185.96,25
186,0
186.04,0
186.08,0
186.12,0
186.16,0
186.2,0
186.24,25
186.28,0
186.32,25
186.36,50
186.4,0
186.44,0
186.48,0
186.52,0
186.56,0
186.6,0
186.64,0
186.68,0
186.72,0
186.76,0
186.8,0
186.84,25
186.88,0
186.92,0
186.96,0
187,0
187.04,25
187.08,0
187.12,0
187.16,0
187.2,0
187.24,25
187.28,0
187.32,0
187.36,0
187.4,0
187.44,0
187.48,0
187.52,25
187.56,0
187.6,0
187.64,0
187.68,25
187.72,0
187.76,0
187.8,0
187.84,0
187.88,0
187.92,0
187.96,0
188,0
188.04,0
188.08,0
188.12,25
188.16,0
188.2,0
188.24,0
188.28,0
188.32,0
188.36,0
188.4,0
188.44,0
188.48,0
188.52,0
188.56,0
188.6,0
188.64,0
188.68,0
188.72,0
188.76,25
188.8,0
188.84,25
188.88,0
188.92,0
188.96,0
189,0
189.04,0
189.08,0
189.12,0
189.16,0
189.2,0
189.24,0
189.28,0
189.32,0
189.36,0
189.4,0
189.44,0
189.48,0
189.52,25
189.56,0
189.6,0
189.64,0
189.68,0
189.72,0
189.76,0
189.8,0
189.84,0
189.88,0
189.92,0
189.96,0
190,0
190.04,0
190.08,0
190.12,0
190.16,0
190.2,0
190.24,0
190.28,0
190.32,0
190.36,0
190.4,0
190.44,0
190.48,0
190.52,0
190.56,0
190.6,0
190.64,0
190.68,0
190.72,25
190.76,0
190.8,0
190.84,0
190.88,0
190.92,0
190.96,0
191,0
191.04,0
191.08,0
191.12,0
191.16,0
191.2,0
191.24,0
191.28,0
191.32,0
191.36,0
191.4,0
191.44,25
191.48,0
191.52,0
191.56,0
191.6,0
191.64,0
191.68,0
191.72,0
191.76,0
191.8,0
191.84,0
191.88,0
191.92,0
191.96,0
192,0
192.04,25
192.08,0
192.12,0
192.16,0
192.2,0
192.24,0
192.28,0
192.32,0
192.36,0
192.4,0
192.44,0
192.48,0
192.52,0
192.56,0
192.6,25
192.64,25
192.68,0
192.72,0
192.76,0
192.8,0
192.84,0
192.88,0
192.92,0
192.96,0
193,0
193.04,0
193.08,0
193.12,0
193.16,0
193.2,0
193.24,0
193.28,0
193.32,0
193.36,0
193.4,0
193.44,0
193.48,0
193.52,0
193.56,0
193.6,0
193.64,0
193.68,0
193.72,0
193.76,0
193.8,0
193.84,0
193.88,0
193.92,0
193.96,0
194,0
194.04,0
194.08,0
194.12,0
194.16,0
194.2,0
194.24,0
194.28,0
194.32,0
194.36,0
194.4,0
194.44,0
194.48,0
194.52,0
194.56,0
194.6,25
194.64,0
194.68,0
194.72,0
194.76,0
194.8,0
194.84,0
194.88,0
194.92,0
194.96,0
195,0
195.04,0
195.08,0
195.12,0
195.16,0
195.2,0
195.24,0
195.28,0
195.32,0
195.36,0
195.4,0
195.44,0
195.48,0
195.52,0
195.56,0
195.6,0
195.64,0
195.68,25
195.72,0
195.76,0
195.8,0
195.84,0
195.88,0
195.92,0
195.96,0
196,0
196.04,0
196.08,0
196.12,0
196.16,0
196.2,0
196.24,0
196.28,0
196.32,0
196.36,0
196.4,0
196.44,0
196.48,0
196.52,0
196.56,0
196.6,0
196.64,0
196.68,0
196.72,0
196.76,0
196.8,0
196.84,0
196.88,0
196.92,0
196.96,0
197,0
197.04,0
197.08,0
197.12,0
197.16,0
197.2,0
197.24,0
197.28,0
197.32,0
197.36,0
197.4,0
197.44,0
197.48,0
197.52,0
197.56,0
197.6,0
197.64,0
197.68,0
197.72,0
197.76,0
197.8,0
197.84,0
197.88,0
197.92,0
197.96,0
198,0
198.04,0
198.08,0
198.12,0
198.16,0
198.2,0
198.24,0
198.28,0
198.32,0
198.36,0
198.4,0
198.44,0
198.48,0
198.52,0
198.56,0
198.6,0
198.64,0
198.68,0
198.72,0
198.76,0
198.8,0
198.84,0
198.88,0
198.92,0
198.96,0
199,0
199.04,0
199.08,0
199.12,0
199.16,0
199.2,0
199.24,0
199.28,0
199.32,0
199.36,0
199.4,0
199.44,0
199.48,0
199.52,0
199.56,0
199.6,0
199.64,0
199.68,0
199.72,0
199.76,0
199.8,0
199.84,25
199.88,0
199.92,0
199.96,0
200,0
200.04,0
200.08,0
200.12,0
200.16,0
200.2,0
200.24,0
200.28,0
200.32,0
200.36,0
200.4,0
200.44,0
200.48,0
200.52,0
200.56,0
200.6,0
200.64,0
200.68,0
200.72,0
200.76,0
200.8,0
200.84,0
200.88,0
200.92,0
200.96,0
201,0
201.04,0
201.08,0
201.12,0
201.16,0
201.2,0
201.24,0
201.28,0
201.32,0
201.36,0
201.4,0
201.44,0
201.48,0
201.52,0
201.56,0
201.6,0
201.64,0
201.68,0
201.72,0
201.76,0
201.8,0
201.84,0
201.88,0
201.92,0
201.96,0
202,0
202.04,0
202.08,0
202.12,0
202.16,0
202.2,0
202.24,0
202.28,0
202.32,0
202.36,0
202.4,0
202.44,0
202.48,0
202.52,0
202.56,0
202.6,0
202.64,0
202.68,0
202.72,0
202.76,0
202.8,0
202.84,0
202.88,0
202.92,0
202.96,0
203,0
203.04,0
203.08,0
203.12,0
203.16,0
203.2,0
203.24,0
203.28,0
203.32,0
203.36,0
203.4,0
203.44,0
203.48,0
203.52,0
203.56,0
203.6,0
203.64,0
203.68,0
203.72,0
203.76,0
203.8,0
203.84,0
203.88,0
203.92,0
203.96,0
204,0
204.04,0
204.08,0
204.12,0
204.16,0
204.2,0
204.24,0
204.28,0
204.32,0
204.36,0
204.4,0
204.44,0
204.48,0
204.52,0
204.56,0
204.6,0
204.64,0
204.68,0
204.72,0
204.76,0
204.8,0
204.84,0
204.88,0
204.92,0
204.96,0
205,0
205.04,0
205.08,0
205.12,0
205.16,0
205.2,0
205.24,0
205.28,0
205.32,0
205.36,0
205.4,0
205.44,0
205.48,0
205.52,0
205.56,0
205.6,0
205.64,0
205.68,0
205.72,0
205.76,0
205.8,0
205.84,0
205.88,0
205.92,0
205.96,0
206,0
206.04,0
206.08,0
206.12,0
206.16,0
206.2,0
206.24,0
206.28,0
206.32,0
206.36,0
206.4,0
206.44,0
206.48,0
206.52,0
206.56,0
206.6,0
206.64,0
206.68,0
206.72,0
206.76,0
206.8,0
206.84,0
206.88,0
206.92,0
206.96,0
207,0
207.04,0
207.08,0
207.12,0
207.16,0
207.2,0
207.24,0
207.28,0
207.32,0
207.36,0
207.4,0
207.44,0
207.48,0
207.52,0
207.56,0
207.6,0
207.64,0
207.68,25
207.72,0
207.76,0
207.8,0
207.84,0
207.88,0
207.92,0
207.96,0
208,0
208.04,0
208.08,0
208.12,0
208.16,0
208.2,0
208.24,0
208.28,0
208.32,0
208.36,0
208.4,0
208.44,0
208.48,0
208.52,0
208.56,0
208.6,0
208.64,0
208.68,0
208.72,0
208.76,0
208.8,0
208.84,0
208.88,0
208.92,0
208.96,0
209,0
209.04,0
209.08,0
209.12,0
209.16,0
209.2,0
209.24,0
209.28,0
209.32,0
209.36,0
209.4,0
209.44,0
209.48,0
209.52,0
209.56,0
209.6,0
209.64,0
209.68,0
209.72,0
209.76,0
209.8,0
209.84,0
209.88,0
209.92,0
209.96,0
210,0
210.04,0
210.08,0
210.12,0
210.16,0
210.2,0
210.24,0
210.28,0
210.32,0
210.36,0
210.4,0
210.44,0
210.48,0
210.52,0
210.56,0
210.6,0
210.64,0
210.68,0
210.72,0
210.76,0
210.8,0
210.84,0
210.88,0
210.92,0
210.96,0
211,0
211.04,0
211.08,0
211.12,0
211.16,0
211.2,0
211.24,0
211.28,0
211.32,0
211.36,0
211.4,0
211.44,0
211.48,0
211.52,0
211.56,0
211.6,0
211.64,0
211.68,0
211.72,0
211.76,0
211.8,0
211.84,0
211.88,0
211.92,0
211.96,0
212,0
212.04,0
212.08,0
212.12,0
212.16,0
212.2,0
212.24,0
212.28,0
212.32,0
212.36,0
212.4,0
212.44,0
212.48,0
212.52,0
212.56,0
212.6,0
212.64,0
212.68,0
212.72,0
212.76,0
212.8,0
212.84,0
212.88,0
212.92,0
212.96,0
213,0
213.04,0
213.08,0
213.12,0
213.16,0
213.2,0
213.24,0
213.28,0
213.32,0
213.36,0
213.4,0
213.44,0
213.48,0
213.52,0
213.56,0
213.6,0
213.64,0
213.68,0
213.72,0
213.76,0
213.8,0
213.84,0
213.88,0
213.92,0
213.96,0
214,0
214.04,0
214.08,0
214.12,0
214.16,0
214.2,0
214.24,0
214.28,0
214.32,0
214.36,0
214.4,0
214.44,0
214.48,0
214.52,0
214.56,0
214.6,0
214.64,0
214.68,0
214.72,0
214.76,0
214.8,0
214.84,0
214.88,0
214.92,0
214.96,0
215,0
215.04,0
215.08,0
215.12,0
215.16,0
215.2,0
215.24,0
215.28,0
215.32,0
215.36,25
215.4,0
215.44,0
215.48,0
215.52,0
215.56,0
215.6,0
215.64,0
215.68,0
215.72,0
215.76,0
215.8,0
215.84,0
215.88,0
215.92,0
215.96,0
216,0
216.04,0
216.08,0
216.12,0
216.16,0
216.2,0
216.24,0
216.28,0
216.32,0
216.36,0
216.4,0
216.44,0
216.48,0
216.52,0
216.56,0
216.6,0
216.64,0
216.68,0
216.72,0
216.76,0
216.8,0
216.84,0
216.88,0
216.92,0
216.96,0
217,0
217.04,0
217.08,0
217.12,0
217.16,0
217.2,0
217.24,0
217.28,0
217.32,0
217.36,0
217.4,0
217.44,0
217.48,0
217.52,0
217.56,0
217.6,0
217.64,0
217.68,0
217.72,0
217.76,0
217.8,0
217.84,0
217.88,0
217.92,0
217.96,0
218,0
218.04,0
218.08,0
218.12,25
218.16,0
218.2,0
218.24,0
218.28,0
218.32,0
218.36,0
218.4,0
218.44,0
218.48,0
218.52,0
218.56,0
218.6,0
218.64,0
218.68,0
218.72,0
218.76,0
218.8,25
218.84,0
218.88,0
218.92,0
218.96,0
219,0
219.04,0
219.08,0
219.12,0
219.16,0
219.2,0
219.24,0
219.28,0
219.32,0
219.36,0
219.4,0
219.44,0
219.48,0
219.52,0
219.56,0
219.6,0
219.64,0
219.68,0
219.72,0
219.76,0
219.8,0
219.84,0
219.88,0
219.92,0
219.96,0
220,0
220.04,0
220.08,0
220.12,0
220.16,0
220.2,0
220.24,0
220.28,0
220.32,0
220.36,0
220.4,0
220.44,0
220.48,0
220.52,0
220.56,0
220.6,0
220.64,0
220.68,0
220.72,0
220.76,0
220.8,0
220.84,0
220.88,0
220.92,0
220.96,0
221,0
221.04,0
221.08,0
221.12,0
221.16,0
221.2,0
221.24,0
221.28,0
221.32,0
221.36,0
221.4,0
221.44,0
221.48,0
221.52,0
221.56,0
221.6,0
221.64,0
221.68,0
221.72,0
221.76,0
221.8,0
221.84,0
221.88,0
221.92,0
221.96,0
222,0
222.04,0
222.08,0
222.12,0
222.16,0
222.2,0
222.24,0
222.28,0
222.32,0
222.36,0
222.4,0
222.44,0
222.48,0
222.52,0
222.56,0
222.6,0
222.64,0
222.68,0
222.72,0
222.76,0
222.8,0
222.84,0
222.88,0
222.92,0
222.96,0
223,0
223.04,0
223.08,0
223.12,0
223.16,0
223.2,0
223.24,0
223.28,0
223.32,0
223.36,0
223.4,0
223.44,0
223.48,0
223.52,0
223.56,0
223.6,0
223.64,0
223.68,0
223.72,0
223.76,0
223.8,0
223.84,0
223.88,0
223.92,0
223.96,0
224,0
224.04,0
224.08,0
224.12,0
224.16,0
224.2,0
224.24,0
224.28,0
224.32,0
224.36,0
224.4,0
224.44,0
224.48,0
224.52,0
224.56,0
224.6,0
224.64,0
224.68,0
224.72,0
224.76,0
224.8,0
224.84,0
224.88,0
224.92,0
224.96,0
225,0
225.04,0
225.08,0
225.12,0
225.16,0
225.2,0
225.24,0
225.28,0
225.32,0
225.36,0
225.4,0
225.44,0
225.48,0
225.52,0
225.56,0
225.6,0
225.64,0
225.68,0
225.72,0
225.76,0
225.8,0
225.84,0
225.88,0
225.92,0
225.96,0
226,0
226.04,0
226.08,0
226.12,0
226.16,0
226.2,0
226.24,0
226.28,0
226.32,0
226.36,0
226.4,0
226.44,0
226.48,0
226.52,0
226.56,0
226.6,0
226.64,0
226.68,0
226.72,0
226.76,0
226.8,0
226.84,0
226.88,0
226.92,0
226.96,0
227,0
227.04,0
227.08,0
227.12,0
227.16,0
227.2,0
227.24,0
227.28,0
227.32,0
227.36,0
227.4,0
227.44,0
227.48,0
227.52,0
227.56,0
227.6,0
227.64,0
227.68,0
227.72,0
227.76,0
227.8,0
227.84,0
227.88,0
227.92,0
227.96,0
228,0
228.04,0
228.08,0
228.12,0
228.16,0
228.2,0
228.24,0
228.28,0
228.32,0
228.36,0
228.4,0
228.44,0
228.48,0
228.52,0
228.56,0
228.6,0
228.64,0
228.68,0
228.72,0
228.76,0
228.8,0
228.84,0
228.88,0
228.92,0
228.96,0
229,0
229.04,0
229.08,0
229.12,0
229.16,0
229.2,0
229.24,0
229.28,0
229.32,0
229.36,0
229.4,0
229.44,0
229.48,0
229.52,0
229.56,0
229.6,0
229.64,0
229.68,0
229.72,0
229.76,0
229.8,0
229.84,0
229.88,0
229.92,0
229.96,0
230,0
230.04,0
230.08,0
230.12,0
230.16,0
230.2,0
230.24,0
230.28,0
230.32,0
230.36,0
230.4,0
230.44,0
230.48,0
230.52,0
230.56,0
230.6,0
230.64,0
230.68,0
230.72,0
230.76,0
230.8,0
230.84,0
230.88,0
230.92,0
230.96,0
231,0
231.04,0
231.08,0
231.12,0
231.16,0
231.2,0
231.24,0
231.28,0
231.32,0
231.36,0
231.4,0
231.44,0
231.48,0
231.52,0
231.56,0
231.6,0
231.64,0
231.68,0
231.72,0
231.76,0
231.8,0
231.84,0
231.88,0
231.92,0
231.96,0
232,0
232.04,0
232.08,0
232.12,0
232.16,0
232.2,0
232.24,0
232.28,25
232.32,0
232.36,0
232.4,0
232.44,0
232.48,0
232.52,0
232.56,0
232.6,0
232.64,0
232.68,0
232.72,0
232.76,0
232.8,0
232.84,0
232.88,0
232.92,0
232.96,0
233,0
233.04,0
233.08,0
233.12,25
233.16,0
233.2,0
233.24,0
233.28,0
233.32,0
233.36,0
233.4,0
233.44,0
233.48,0
233.52,0
233.56,0
233.6,0
233.64,0
233.68,0
233.72,25
233.76,0
233.8,0
233.84,0
233.88,0
233.92,25
233.96,0
234,0
234.04,0
234.08,0
234.12,0
234.16,0
234.2,0
234.24,0
234.28,0
234.32,0
234.36,25
234.4,0
234.44,0
234.48,0
234.52,0
234.56,0
234.6,0
234.64,0
234.68,0
234.72,0
234.76,0
234.8,0
234.84,0
234.88,0
234.92,0
234.96,0
235,0
235.04,0
235.08,0
235.12,0
235.16,0
235.2,0
235.24,0
235.28,25
235.32,0
235.36,0
235.4,0
235.44,0
235.48,0
235.52,0
235.56,0
235.6,0
235.64,0
235.68,0
235.72,0
235.76,0
235.8,0
235.84,0
235.88,25
235.92,0
235.96,0
236,0
236.04,0
236.08,0
236.12,0
236.16,0
236.2,0
236.24,0
236.28,0
236.32,0
236.36,0
236.4,0
236.44,25
236.48,0
236.52,0
236.56,0
236.6,0
236.64,0
236.68,0
236.72,0
236.76,0
236.8,25
236.84,0
236.88,0
236.92,0
236.96,0
237,0
237.04,0
237.08,0
237.12,0
237.16,0
237.2,0
237.24,0
237.28,25
237.32,0
237.36,0
237.4,0
237.44,0
237.48,0
237.52,0
237.56,0
237.6,0
237.64,0
237.68,0
237.72,0
237.76,0
237.8,0
237.84,0
237.88,0
237.92,0
237.96,0
238,0
238.04,0
238.08,0
238.12,0
238.16,0
238.2,0
238.24,0
238.28,0
238.32,0
238.36,0
238.4,0
238.44,0
238.48,0
238.52,0
238.56,25
238.6,0
238.64,0
238.68,25
238.72,0
238.76,0
238.8,0
238.84,0
238.88,0
238.92,0
238.96,0
239,0
239.04,0
239.08,25
239.12,0
239.16,0
239.2,0
239.24,0
239.28,0
239.32,0
239.36,0
239.4,0
239.44,0
239.48,0
239.52,0
239.56,0
239.6,0
239.64,25
239.68,25
239.72,25
239.76,25
239.8,0
239.84,0
239.88,25
239.92,0
239.96,0
240,0
240.04,25
240.08,25
240.12,0
240.16,0
240.2,0
240.24,0
240.28,0
240.32,0
240.36,0
240.4,25
240.44,0
240.48,0
240.52,25
240.56,0
240.6,0
240.64,25
240.68,0
240.72,0
240.76,25
240.8,0
240.84,0
240.88,0
240.92,25
240.96,0
241,0
241.04,0
241.08,0
241.12,0
241.16,25
241.2,0
241.24,0
241.28,0
241.32,0
241.36,25
241.4,0
241.44,0
241.48,0
241.52,0
241.56,0
241.6,0
241.64,0
241.68,0
241.72,0
241.76,0
241.8,0
241.84,0
241.88,0
241.92,0
241.96,0
242,0
242.04,0
242.08,0
242.12,0
242.16,0
242.2,0
242.24,0
242.28,0
242.32,0
242.36,0
242.4,0
242.44,0
242.48,0
242.52,0
242.56,0
242.6,0
242.64,0
242.68,0
242.72,0
242.76,0
242.8,0
242.84,0
242.88,0
242.92,0
242.96,0
243,25
243.04,0
243.08,25
243.12,0
243.16,0
243.2,0
243.24,0
243.28,25
243.32,0
243.36,0
243.4,0
243.44,0
243.48,0
243.52,25
243.56,25
243.6,25
243.64,0
243.68,0
243.72,0
243.76,0
243.8,0
243.84,0
243.88,0
243.92,0
243.96,0
244,0
244.04,0
244.08,0
244.12,0
244.16,25
244.2,0
244.24,0
244.28,0
244.32,0
244.36,0
244.4,25
244.44,0
244.48,0
244.52,0
244.56,0
244.6,0
244.64,25
244.68,0
244.72,0
244.76,0
244.8,0
244.84,0
244.88,0
244.92,0
244.96,0
245,0
245.04,0
245.08,0
245.12,0
245.16,0
245.2,0
245.24,0
245.28,0
245.32,0
245.36,0
245.4,0
245.44,0
245.48,0
245.52,0
245.56,0
245.6,0
245.64,0
245.68,0
245.72,0
245.76,0
245.8,25
245.84,0
245.88,0
245.92,0
245.96,0
246,25
246.04,0
246.08,0
246.12,0
246.16,0
246.2,0
246.24,0
246.28,0
246.32,0
246.36,0
246.4,0
246.44,0
246.48,0
246.52,25
246.56,0
246.6,0
246.64,0
246.68,25
246.72,0
246.76,0
246.8,0
246.84,0
246.88,0
246.92,0
246.96,0
247,0
247.04,0
247.08,0
247.12,0
247.16,0
247.2,0
247.24,25
247.28,25
247.32,25
247.36,0
247.4,0
247.44,25
247.48,0
247.52,0
247.56,0
247.6,0
247.64,0
247.68,0
247.72,0
247.76,0
247.8,0
247.84,0
247.88,0
247.92,0
247.96,0
248,0
248.04,0
248.08,0
248.12,0
248.16,0
248.2,0
248.24,0
248.28,0
248.32,0
248.36,0
248.4,0
248.44,25
248.48,25
248.52,0
248.56,0
248.6,0
248.64,0
248.68,0
248.72,0
248.76,0
248.8,0
248.84,0
248.88,0
248.92,0
248.96,0
249,0
249.04,0
249.08,25
249.12,25
249.16,0
249.2,0
249.24,0
249.28,0
249.32,0
249.36,0
249.4,0
249.44,0
249.48,0
249.52,0
249.56,0
249.6,0
249.64,0
249.68,25
249.72,0
249.76,0
249.8,25
249.84,0
249.88,0
249.92,0
249.96,0
250,0
250.04,0
250.08,0
250.12,25
250.16,0
250.2,0
250.24,0
250.28,0
250.32,0
250.36,0
250.4,0
250.44,0
250.48,0
250.52,0
250.56,0
250.6,0
250.64,0
250.68,0
250.72,0
250.76,0
250.8,0
250.84,0
250.88,0
250.92,0
250.96,0
251,0
251.04,0
251.08,0
251.12,0
251.16,0
251.2,25
251.24,0
251.28,0
251.32,0
251.36,0
251.4,0
251.44,0
251.48,0
251.52,0
251.56,0
251.6,0
251.64,0
251.68,0
251.72,0
251.76,0
251.8,0
251.84,0
251.88,0
251.92,0
251.96,0
252,0
252.04,0
252.08,0
252.12,0
252.16,0
252.2,0
252.24,0
252.28,0
252.32,0
252.36,0
252.4,0
252.44,0
252.48,0
252.52,0
252.56,0
252.6,0
252.64,0
252.68,0
252.72,0
252.76,0
252.8,0
252.84,0
252.88,0
252.92,0
252.96,0
253,0
253.04,0
253.08,0
253.12,0
253.16,0
253.2,0
253.24,0
253.28,25
253.32,0
253.36,0
253.4,0
253.44,0
253.48,0
253.52,0
253.56,0
253.6,0
253.64,0
253.68,0
253.72,0
253.76,0
253.8,25
253.84,0
253.88,0
253.92,0
253.96,0
254,0
254.04,0
254.08,0
254.12,0
254.16,0
254.2,0
254.24,0
254.28,0
254.32,0
254.36,0
254.4,0
254.44,0
254.48,0
254.52,0
254.56,0
254.6,0
254.64,0
254.68,0
254.72,0
254.76,0
254.8,0
254.84,0
254.88,0
254.92,0
254.96,0
255,0
255.04,0
255.08,0
255.12,25
255.16,0
255.2,0
255.24,0
255.28,0
255.32,0
255.36,0
255.4,0
255.44,0
255.48,0
255.52,0
255.56,0
255.6,0
255.64,0
255.68,0
255.72,0
255.76,0
255.8,0
255.84,0
255.88,0
255.92,0
255.96,0
256,0
256.04,0
256.08,0
256.12,0
256.16,0
256.2,0
256.24,0
256.28,0
256.32,0
256.36,0
256.4,0
256.44,0
256.48,0
256.52,0
256.56,0
256.6,0
256.64,25
256.68,0
256.72,0
256.76,0
256.8,0
256.84,0
256.88,0
256.92,0
256.96,0
257,0
257.04,0
257.08,0
257.12,0
257.16,0
257.2,0
257.24,0
257.28,0
257.32,0
257.36,25
257.4,0
257.44,0
257.48,0
257.52,0
257.56,0
257.6,0
257.64,0
257.68,0
257.72,0
257.76,0
257.8,0
257.84,0
257.88,0
257.92,0
257.96,0
258,0
258.04,0
258.08,25
258.12,0
258.16,0
258.2,0
258.24,0
258.28,0
258.32,0
258.36,0
258.4,0
258.44,0
258.48,0
258.52,0
258.56,0
258.6,0
258.64,0
258.68,25
258.72,0
258.76,0
258.8,0
258.84,0
258.88,0
258.92,0
258.96,0
259,25
259.04,25
259.08,25
259.12,0
259.16,0
259.2,0
259.24,25
259.28,0
259.32,0
259.36,0
259.4,0
259.44,0
259.48,0
259.52,0
259.56,25
259.6,0
259.64,0
259.68,0
259.72,0
259.76,0
259.8,0
259.84,0
259.88,0
259.92,0
259.96,25
260,0
260.04,0
260.08,0
260.12,0
260.16,0
260.2,0
260.24,0
260.28,0
260.32,0
260.36,25
260.4,0
260.44,0
260.48,0
260.52,0
260.56,25
260.6,0
260.64,0
260.68,0
260.72,0
260.76,0
260.8,0
260.84,0
260.88,0
260.92,0
260.96,0
261,0
261.04,0
261.08,0
261.12,0
261.16,25
261.2,0
261.24,0
261.28,0
261.32,0
261.36,0
261.4,0
261.44,0
261.48,0
261.52,0
261.56,25
261.6,0
261.64,0
261.68,0
261.72,25
261.76,0
261.8,0
261.84,0
261.88,0
261.92,0
261.96,0
262,0
262.04,0
262.08,0
262.12,0
262.16,0
262.2,0
262.24,0
262.28,0
262.32,0
262.36,0
262.4,0
262.44,0
262.48,0
262.52,0
262.56,0
262.6,0
262.64,0
262.68,0
262.72,25
262.76,0
262.8,0
262.84,0
262.88,0
262.92,0
262.96,0
263,0
263.04,0
263.08,0
263.12,0
263.16,0
263.2,0
263.24,0
263.28,0
263.32,0
263.36,0
263.4,0
263.44,0
263.48,0
263.52,0
263.56,0
263.6,0
263.64,0
263.68,0
263.72,0
263.76,0
263.8,0
263.84,0
263.88,0
263.92,0
263.96,0
264,0
264.04,0
264.08,0
264.12,0
264.16,0
264.2,0
264.24,0
264.28,0
264.32,0
264.36,0
264.4,0
264.44,0
264.48,25
264.52,0
264.56,0
264.6,0
264.64,0
264.68,0
264.72,25
264.76,50
264.8,0
264.84,0
264.88,25
264.92,25
264.96,0
265,0
265.04,0
265.08,0
265.12,0
265.16,0
265.2,0
265.24,25
265.28,25
265.32,25
265.36,0
265.4,0
265.44,25
265.48,0
265.52,25
265.56,0
265.6,0
265.64,0
265.68,0
265.72,0
265.76,25
265.8,0
265.84,0
265.88,0
265.92,0
265.96,0
266,25
266.04,0
266.08,25
266.12,0
266.16,25
266.2,0
266.24,0
266.28,0
266.32,25
266.36,0
266.4,0
266.44,0
266.48,0
266.52,0
266.56,0
266.6,0
266.64,0
266.68,0
266.72,0
266.76,0
266.8,0
266.84,0
266.88,0
266.92,0
266.96,25
267,0
267.04,0
267.08,0
267.12,0
267.16,0
267.2,0
267.24,0
267.28,0
267.32,0
267.36,0
267.4,0
267.44,0
267.48,0
267.52,0
267.56,0
267.6,0
267.64,25
267.68,0
267.72,0
267.76,0
267.8,0
267.84,0
267.88,0
267.92,0
267.96,25
268,0
268.04,0
268.08,25
268.12,75
268.16,50
268.2,50
268.24,25
268.28,25
268.32,50
268.36,50
268.4,75
268.44,50
268.48,25
268.52,0
268.56,50
268.6,25
268.64,25
268.68,0
268.72,0
268.76,50
268.8,75
268.84,0
268.88,50
268.92,50
268.96,25
269,50
269.04,0
269.08,25
269.12,25
269.16,0
269.2,50
269.24,25
269.28,25
269.32,25
269.36,25
269.4,0
269.44,50
269.48,25
269.52,0
269.56,0
269.6,0
269.64,25
269.68,0
269.72,25
269.76,25
269.8,0
269.84,0
269.88,0
269.92,0
269.96,0
270,0
270.04,0
270.08,0
270.12,25
270.16,25
270.2,0
270.24,0
270.28,0
270.32,0
270.36,0
270.4,0
270.44,50
270.48,0
270.52,25
270.56,0
270.6,0
270.64,0
270.68,0
270.72,0
270.76,25
270.8,0
270.84,25
270.88,0
270.92,0
270.96,0
271,50
271.04,0
271.08,0
271.12,0
271.16,25
271.2,0
271.24,0
271.28,25
271.32,0
271.36,0
271.4,0
271.44,25
271.48,0
271.52,25
271.56,0
271.6,0
271.64,0
271.68,0
271.72,0
271.76,0
271.8,0
271.84,0
271.88,25
271.92,0
271.96,0
272,0
272.04,0
272.08,0
272.12,25
272.16,25
272.2,0
272.24,0
272.28,50
272.32,0
272.36,0
272.4,0
272.44,0
272.48,25
272.52,0
272.56,0
272.6,0
272.64,0
272.68,0
272.72,0
272.76,0
272.8,0
272.84,0
272.88,0
272.92,0
272.96,0
273,25
273.04,0
273.08,25
273.12,0
273.16,0
273.2,0
273.24,25
273.28,0
273.32,0
273.36,0
273.4,0
273.44,0
273.48,0
273.52,0
273.56,0
273.6,0
273.64,0
273.68,0
273.72,0
273.76,0
273.8,0
273.84,25
273.88,0
273.92,0
273.96,0
274,0
274.04,0
274.08,0
274.12,0
274.16,0
274.2,0
274.24,0
274.28,0
274.32,0
274.36,0
274.4,0
274.44,0
274.48,0
274.52,0
274.56,0
274.6,0
274.64,0
274.68,0
274.72,0
274.76,0
274.8,0
274.84,0
274.88,0
274.92,0
274.96,25
275,0
275.04,0
275.08,0
275.12,0
275.16,0
275.2,0
275.24,0
275.28,0
275.32,25
275.36,0
275.4,0
275.44,0
275.48,0
275.52,0
275.56,0
275.6,0
275.64,0
275.68,0
275.72,0
275.76,0
275.8,0
275.84,0
275.88,0
275.92,0
275.96,0
276,0
276.04,0
276.08,0
276.12,0
276.16,0
276.2,0
276.24,0
276.28,0
276.32,0
276.36,0
276.4,0
276.44,0
276.48,0
276.52,0
276.56,0
276.6,0
276.64,0
276.68,0
276.72,0
276.76,25
276.8,0
276.84,0
276.88,0
276.92,0
276.96,0
277,0
277.04,0
277.08,0
277.12,0
277.16,0
277.2,0
277.24,0
277.28,0
277.32,0
277.36,0
277.4,0
277.44,0
277.48,0
277.52,0
277.56,25
277.6,0
277.64,0
277.68,0
277.72,0
277.76,0
277.8,0
277.84,0
277.88,0
277.92,0
277.96,0
278,0
278.04,0
278.08,0
278.12,0
278.16,0
278.2,0
278.24,0
278.28,0
278.32,0
278.36,0
278.4,0
278.44,0
278.48,0
278.52,0
278.56,0
278.6,0
278.64,0
278.68,0
278.72,0
278.76,0
278.8,0
278.84,0
278.88,0
278.92,0
278.96,0
279,0
279.04,0
279.08,0
279.12,0
279.16,0
279.2,0
279.24,0
279.28,0
279.32,0
279.36,0
279.4,0
279.44,0
279.48,0
279.52,0
279.56,0
279.6,0
279.64,0
279.68,0
279.72,0
279.76,0
279.8,0
279.84,0
279.88,0
279.92,0
279.96,0
280,0
280.04,0
280.08,0
280.12,0
280.16,0
280.2,0
280.24,0
280.28,0
280.32,0
280.36,0
280.4,0
280.44,0
280.48,0
280.52,0
280.56,0
280.6,0
280.64,0
280.68,0
280.72,25
280.76,0
280.8,0
280.84,0
280.88,0
280.92,0
280.96,0
281,0
281.04,0
281.08,0
281.12,0
281.16,0
281.2,0
281.24,0
281.28,0
281.32,0
281.36,0
281.4,0
281.44,0
281.48,0
281.52,0
281.56,0
281.6,0
281.64,0
281.68,0
281.72,0
281.76,0
281.8,0
281.84,0
281.88,0
281.92,0
281.96,0
282,0
282.04,0
282.08,0
282.12,0
282.16,0
282.2,0
282.24,0
282.28,0
282.32,0
282.36,0
282.4,0
282.44,0
282.48,0
282.52,0
282.56,0
282.6,0
282.64,0
282.68,0
282.72,0
282.76,0
282.8,0
282.84,0
282.88,0
282.92,0
282.96,0
283,0
283.04,0
283.08,0
283.12,0
283.16,0
283.2,0
283.24,0
283.28,0
283.32,0
283.36,0
283.4,0
283.44,0
283.48,0
283.52,0
283.56,0
283.6,0
283.64,0
283.68,0
283.72,0
283.76,0
283.8,0
283.84,0
283.88,0
283.92,0
283.96,0
284,0
284.04,0
284.08,0
284.12,0
284.16,0
284.2,0
284.24,0
284.28,0
284.32,0
284.36,0
284.4,0
284.44,0
284.48,0
284.52,0
284.56,0
284.6,0
284.64,0
284.68,0
284.72,0
284.76,0
284.8,0
284.84,0
284.88,0
284.92,0
284.96,0
285,25
285.04,25
285.08,0
285.12,0
285.16,0
285.2,0
285.24,0
285.28,75
285.32,0
285.36,25
285.4,0
285.44,0
285.48,75
285.52,75
285.56,0
285.6,25
285.64,75
285.68,50
285.72,25
285.76,50
285.8,0
285.84,50
285.88,50
285.92,25
285.96,75
286,125
286.04,25
286.08,50
286.12,25
286.16,75
286.2,75
286.24,100
286.28,75
286.32,25
286.36,100
286.4,125
286.44,75
286.48,75
286.52,125
286.56,50
286.6,150
286.64,100
286.68,125
286.72,75
286.76,150
286.8,25
286.84,50
286.88,25
286.92,75
286.96,150
287,50
287.04,125
287.08,150
287.12,125
287.16,175
287.2,250
287.24,125
287.28,225
287.32,125
287.36,225
287.4,200
287.44,150
287.48,150
287.52,300
287.56,200
287.6,325
287.64,150
287.68,250
287.72,150
287.76,250
287.8,175
287.84,125
287.88,175
287.92,175
287.96,150
288,150
288.04,200
288.08,50
288.12,50
288.16,100
288.2,200
288.24,250
288.28,200
288.32,175
288.36,175
288.4,75
288.44,125
288.48,150
288.52,225
288.56,200
288.6,200
288.64,75
288.68,100
288.72,125
288.76,125
288.8,125
288.84,50
288.88,50
288.92,100
288.96,100
289,125
289.04,25
289.08,100
289.12,100
289.16,25
289.2,75
289.24,75
289.28,75
289.32,50
289.36,100
289.4,75
289.44,100
289.48,175
289.52,100
289.56,50
289.6,25
289.64,75
289.68,25
289.72,0
289.76,75
289.8,25
289.84,50
289.88,0
289.92,50
289.96,25
290,50
290.04,25
290.08,50
290.12,50
290.16,75
290.2,75
290.24,50
290.28,50
290.32,25
290.36,25
290.4,25
290.44,0
290.48,50
290.52,75
290.56,50
290.6,25
290.64,75
290.68,25
290.72,25
290.76,100
290.8,100
290.84,150
290.88,100
290.92,150
290.96,50
291,75
291.04,50
291.08,25
291.12,50
291.16,175
291.2,75
291.24,0
291.28,75
291.32,25
291.36,75
291.4,25
291.44,75
291.48,0
291.52,50
291.56,150
291.6,75
291.64,50
291.68,100
291.72,50
291.76,75
291.8,0
291.84,25
291.88,75
291.92,0
291.96,50
292,0
292.04,50
292.08,125
292.12,0
292.16,100
292.2,75
292.24,75
292.28,25
292.32,25
292.36,175
292.4,0
292.44,75
292.48,50
292.52,75
292.56,125
292.6,25
292.64,25
292.68,100
292.72,100
292.76,25
292.8,50
292.84,125
292.88,150
292.92,50
292.96,100
293,50
293.04,75
293.08,75
293.12,0
293.16,125
293.2,50
293.24,200
293.28,25
293.32,100
293.36,75
293.4,25
293.44,25
293.48,75
293.52,25
293.56,50
293.6,25
293.64,0
293.68,100
293.72,50
293.76,50
293.8,50
293.84,175
293.88,25
293.92,100
293.96,100
294,25
294.04,0
294.08,0
294.12,125
294.16,25
294.2,0
294.24,0
294.28,75
294.32,25
294.36,75
294.4,50
294.44,50
294.48,50
294.52,25
294.56,25
294.6,100
294.64,25
294.68,75
294.72,25
294.76,50
294.8,25
294.84,50
294.88,25
294.92,25
294.96,25
295,0
295.04,25
295.08,25
295.12,25
295.16,25
295.2,100
295.24,100
295.28,0
295.32,25
295.36,0
295.4,25
295.44,25
295.48,25
295.52,0
295.56,0
295.6,0
295.64,50
295.68,25
295.72,75
295.76,25
295.8,50
295.84,25
295.88,25
295.92,50
295.96,75
296,50
296.04,25
296.08,0
296.12,25
296.16,0
296.2,25
296.24,0
296.28,25
296.32,25
296.36,25
296.4,50
296.44,0
296.48,0
296.52,0
296.56,25
296.6,50
296.64,50
296.68,50
296.72,0
296.76,50
296.8,0
296.84,0
296.88,0
296.92,25
296.96,50
297,25
297.04,50
297.08,25
297.12,0
297.16,0
297.2,0
297.24,25
297.28,50
297.32,50
297.36,0
297.4,0
297.44,0
297.48,25
297.52,50
297.56,0
297.6,25
297.64,25
297.68,75
297.72,75
297.76,0
297.8,25
297.84,75
297.88,75
297.92,0
297.96,25
298,25
298.04,25
298.08,25
298.12,25
298.16,0
298.2,25
298.24,75
298.28,0
298.32,25
298.36,50
298.4,50
298.44,50
298.48,25
298.52,25
298.56,50
298.6,50
298.64,50
298.68,50
298.72,25
298.76,25
298.8,50
298.84,75
298.88,0
298.92,0
298.96,0
299,50
299.04,50
299.08,100
299.12,25
299.16,25
299.2,0
299.24,50
299.28,0
299.32,25
299.36,50
299.4,25
299.44,50
299.48,50
299.52,50
299.56,50
299.6,50
299.64,25
299.68,75
299.72,50
299.76,25
299.8,50
299.84,50
299.88,50
299.92,50
299.96,50
300,0
